  PREM NO OCEAN MODEL: (    0.0000    0.000) anisotropic case +  chondrite        ref per =   1.0 secs


  level    radius        rho         vpv         vph         vsv         vsh         eta         qmu         qkap

     1         0.0    13088.50    11262.20    11262.20     3667.80     3667.80     1.00000       84.60     1327.70
     2     38172.0    13088.18    11261.97    11261.97     3667.64     3667.64     1.00000       84.60     1327.70
     3     76344.0    13087.23    11261.29    11261.29     3667.16     3667.16     1.00000       84.60     1327.70
     4    114516.0    13085.64    11260.14    11260.14     3666.36     3666.36     1.00000       84.60     1327.70
     5    152688.0    13083.42    11258.54    11258.54     3665.25     3665.25     1.00000       84.60     1327.70
     6    190859.0    13080.57    11256.49    11256.49     3663.81     3663.81     1.00000       84.60     1327.70
     7    229031.0    13077.08    11253.98    11253.98     3662.05     3662.05     1.00000       84.60     1327.70
     8    267203.0    13072.95    11251.01    11251.01     3659.98     3659.98     1.00000       84.60     1327.70
     9    305375.0    13068.19    11247.58    11247.58     3657.58     3657.58     1.00000       84.60     1327.70
    10    343547.0    13062.80    11243.70    11243.70     3654.87     3654.87     1.00000       84.60     1327.70
    11    381719.0    13056.77    11239.35    11239.35     3651.83     3651.83     1.00000       84.60     1327.70
    12    419891.0    13050.11    11234.56    11234.56     3648.48     3648.48     1.00000       84.60     1327.70
    13    458062.0    13042.81    11229.30    11229.30     3644.81     3644.81     1.00000       84.60     1327.70
    14    496234.0    13034.88    11223.59    11223.59     3640.82     3640.82     1.00000       84.60     1327.70
    15    534406.0    13026.31    11217.42    11217.42     3636.51     3636.51     1.00000       84.60     1327.70
    16    572578.0    13017.11    11210.80    11210.80     3631.88     3631.88     1.00000       84.60     1327.70
    17    610750.0    13007.28    11203.72    11203.72     3626.93     3626.93     1.00000       84.60     1327.70
    18    648922.0    12996.81    11196.18    11196.18     3621.66     3621.66     1.00000       84.60     1327.70
    19    687094.0    12985.70    11188.18    11188.18     3616.07     3616.07     1.00000       84.60     1327.70
    20    725266.0    12973.97    11179.73    11179.73     3610.16     3610.16     1.00000       84.60     1327.70
    21    763438.0    12961.59    11170.82    11170.82     3603.94     3603.94     1.00000       84.60     1327.70
    22    801609.0    12948.58    11161.45    11161.45     3597.39     3597.39     1.00000       84.60     1327.70
    23    839781.0    12934.94    11151.63    11151.63     3590.53     3590.53     1.00000       84.60     1327.70
    24    877953.0    12920.66    11141.35    11141.35     3583.34     3583.34     1.00000       84.60     1327.70
    25    916125.0    12905.75    11130.61    11130.61     3575.84     3575.84     1.00000       84.60     1327.70
    26    954297.0    12890.21    11119.42    11119.42     3568.01     3568.01     1.00000       84.60     1327.70
    27    992469.0    12874.02    11107.76    11107.76     3559.87     3559.87     1.00000       84.60     1327.70
    28   1030641.0    12857.21    11095.66    11095.66     3551.41     3551.41     1.00000       84.60     1327.70
    29   1068812.0    12839.76    11083.09    11083.09     3542.63     3542.63     1.00000       84.60     1327.70
    30   1106984.0    12821.67    11070.07    11070.07     3533.53     3533.53     1.00000       84.60     1327.70
    31   1145156.0    12802.96    11056.59    11056.59     3524.11     3524.11     1.00000       84.60     1327.70
    32   1183328.0    12783.60    11042.65    11042.65     3514.37     3514.37     1.00000       84.60     1327.70
    33   1221500.0    12763.61    11028.26    11028.26     3504.31     3504.31     1.00000       84.60     1327.70
    34   1221500.0    12166.33    10355.72    10355.72        0.00        0.00     1.00000        0.00    57823.00
    35   1292078.0    12129.26    10314.43    10314.43        0.00        0.00     1.00000        0.00    57823.00
    36   1362656.0    12090.47    10272.30    10272.30        0.00        0.00     1.00000        0.00    57823.00
    37   1433234.0    12049.91    10229.21    10229.21        0.00        0.00     1.00000        0.00    57823.00
    38   1503812.0    12007.54    10185.05    10185.05        0.00        0.00     1.00000        0.00    57823.00
    39   1574391.0    11963.32    10139.71    10139.71        0.00        0.00     1.00000        0.00    57823.00
    40   1644969.0    11917.20    10093.08    10093.08        0.00        0.00     1.00000        0.00    57823.00
    41   1715547.0    11869.14    10045.05    10045.05        0.00        0.00     1.00000        0.00    57823.00
    42   1786125.0    11819.08     9995.51     9995.51        0.00        0.00     1.00000        0.00    57823.00
    43   1856703.0    11766.99     9944.34     9944.34        0.00        0.00     1.00000        0.00    57823.00
    44   1927281.0    11712.82     9891.43     9891.43        0.00        0.00     1.00000        0.00    57823.00
    45   1997859.0    11656.52     9836.69     9836.69        0.00        0.00     1.00000        0.00    57823.00
    46   2068438.0    11598.05     9779.98     9779.98        0.00        0.00     1.00000        0.00    57823.00
    47   2139016.0    11537.37     9721.22     9721.22        0.00        0.00     1.00000        0.00    57823.00
    48   2209594.0    11474.42     9660.27     9660.27        0.00        0.00     1.00000        0.00    57823.00
    49   2280172.0    11409.17     9597.04     9597.04        0.00        0.00     1.00000        0.00    57823.00
    50   2350750.0    11341.57     9531.41     9531.41        0.00        0.00     1.00000        0.00    57823.00
    51   2421328.0    11271.58     9463.27     9463.27        0.00        0.00     1.00000        0.00    57823.00
    52   2491906.0    11199.14     9392.50     9392.50        0.00        0.00     1.00000        0.00    57823.00
    53   2562484.0    11124.21     9319.01     9319.01        0.00        0.00     1.00000        0.00    57823.00
    54   2633062.0    11046.76     9242.68     9242.68        0.00        0.00     1.00000        0.00    57823.00
    55   2703641.0    10966.73     9163.40     9163.40        0.00        0.00     1.00000        0.00    57823.00
    56   2774219.0    10884.07     9081.05     9081.05        0.00        0.00     1.00000        0.00    57823.00
    57   2844797.0    10798.75     8995.53     8995.53        0.00        0.00     1.00000        0.00    57823.00
    58   2915375.0    10710.72     8906.73     8906.73        0.00        0.00     1.00000        0.00    57823.00
    59   2985953.0    10619.93     8814.53     8814.53        0.00        0.00     1.00000        0.00    57823.00
    60   3056531.0    10526.34     8718.83     8718.83        0.00        0.00     1.00000        0.00    57823.00
    61   3127109.0    10429.91     8619.51     8619.51        0.00        0.00     1.00000        0.00    57823.00
    62   3197688.0    10330.58     8516.46     8516.46        0.00        0.00     1.00000        0.00    57823.00
    63   3268266.0    10228.31     8409.58     8409.58        0.00        0.00     1.00000        0.00    57823.00
    64   3338844.0    10123.06     8298.74     8298.74        0.00        0.00     1.00000        0.00    57823.00
    65   3409422.0    10014.79     8183.85     8183.85        0.00        0.00     1.00000        0.00    57823.00
    66   3480000.0     9903.44     8064.79     8064.79        0.00        0.00     1.00000        0.00    57823.00
    67   3480000.0     5481.81    14186.95    14186.95     7326.38     7326.38     1.00000      312.00    57823.00
    68   3517500.0     5464.67    14144.06    14144.06     7312.83     7312.83     1.00000      312.00    57823.00
    69   3555000.0     5447.54    14101.11    14101.11     7299.19     7299.19     1.00000      312.00    57823.00
    70   3592500.0     5430.28    14057.74    14057.74     7285.36     7285.36     1.00000      312.00    57823.00
    71   3630000.0     5413.09    14014.42    14014.42     7271.48     7271.48     1.00000      312.00    57823.00
    72   3630000.0     5413.09    14014.42    14014.42     7271.48     7271.48     1.00000      312.00    57823.00
    73   3666482.0     5396.45    13972.41    13972.41     7257.96     7257.96     1.00000      312.00    57823.00
    74   3702963.0     5379.71    13930.04    13930.04     7244.27     7244.27     1.00000      312.00    57823.00
    75   3739444.0     5363.10    13887.90    13887.90     7230.59     7230.59     1.00000      312.00    57823.00
    76   3775926.0     5346.37    13845.35    13845.35     7216.72     7216.72     1.00000      312.00    57823.00
    77   3812407.0     5329.61    13802.64    13802.64     7202.75     7202.75     1.00000      312.00    57823.00
    78   3848889.0     5312.92    13760.02    13760.02     7188.74     7188.74     1.00000      312.00    57823.00
    79   3885370.0     5296.11    13716.97    13716.97     7174.53     7174.53     1.00000      312.00    57823.00
    80   3921852.0     5279.33    13673.92    13673.92     7160.27     7160.27     1.00000      312.00    57823.00
    81   3958333.0     5262.54    13630.73    13630.73     7145.89     7145.89     1.00000      312.00    57823.00
    82   3994815.0     5245.62    13587.10    13587.10     7131.32     7131.32     1.00000      312.00    57823.00
    83   4031296.0     5228.80    13543.61    13543.61     7116.73     7116.73     1.00000      312.00    57823.00
    84   4067778.0     5211.88    13499.77    13499.77     7101.96     7101.96     1.00000      312.00    57823.00
    85   4104259.0     5194.85    13455.56    13455.56     7087.01     7087.01     1.00000      312.00    57823.00
    86   4140741.0     5177.92    13411.45    13411.45     7072.03     7072.03     1.00000      312.00    57823.00
    87   4177222.0     5160.84    13366.89    13366.89     7056.84     7056.84     1.00000      312.00    57823.00
    88   4213704.0     5143.72    13322.08    13322.08     7041.50     7041.50     1.00000      312.00    57823.00
    89   4250185.0     5126.60    13277.18    13277.18     7026.08     7026.08     1.00000      312.00    57823.00
    90   4286667.0     5109.35    13231.80    13231.80     7010.42     7010.42     1.00000      312.00    57823.00
    91   4323148.0     5092.09    13186.31    13186.31     6994.66     6994.66     1.00000      312.00    57823.00
    92   4359630.0     5074.77    13140.53    13140.53     6978.75     6978.75     1.00000      312.00    57823.00
    93   4396111.0     5057.31    13094.25    13094.25     6962.59     6962.59     1.00000      312.00    57823.00
    94   4432593.0     5039.89    13047.97    13047.97     6946.37     6946.37     1.00000      312.00    57823.00
    95   4469074.0     5022.35    13001.23    13001.23     6929.93     6929.93     1.00000      312.00    57823.00
    96   4505556.0     5004.68    12954.05    12954.05     6913.26     6913.26     1.00000      312.00    57823.00
    97   4542037.0     4987.05    12906.80    12906.80     6896.51     6896.51     1.00000      312.00    57823.00
    98   4578518.0     4969.25    12859.01    12859.01     6879.49     6879.49     1.00000      312.00    57823.00
    99   4615000.0     4951.38    12810.88    12810.88     6862.29     6862.29     1.00000      312.00    57823.00
   100   4651482.0     4933.47    12762.51    12762.51     6844.94     6844.94     1.00000      312.00    57823.00
   101   4687963.0     4915.39    12713.55    12713.55     6827.31     6827.31     1.00000      312.00    57823.00
   102   4724444.0     4897.28    12664.38    12664.38     6809.54     6809.54     1.00000      312.00    57823.00
   103   4760926.0     4879.08    12614.79    12614.79     6791.54     6791.54     1.00000      312.00    57823.00
   104   4797407.0     4860.69    12564.57    12564.57     6773.24     6773.24     1.00000      312.00    57823.00
   105   4833889.0     4842.32    12514.25    12514.25     6754.84     6754.84     1.00000      312.00    57823.00
   106   4870370.0     4823.79    12463.32    12463.32     6736.14     6736.14     1.00000      312.00    57823.00
   107   4906852.0     4805.11    12411.84    12411.84     6717.17     6717.17     1.00000      312.00    57823.00
   108   4943333.0     4786.41    12360.15    12360.15     6698.04     6698.04     1.00000      312.00    57823.00
   109   4979815.0     4767.52    12307.77    12307.77     6678.59     6678.59     1.00000      312.00    57823.00
   110   5016296.0     4748.53    12254.94    12254.94     6658.89     6658.89     1.00000      312.00    57823.00
   111   5052778.0     4729.45    12201.72    12201.72     6638.97     6638.97     1.00000      312.00    57823.00
   112   5089259.0     4710.18    12147.75    12147.75     6618.70     6618.70     1.00000      312.00    57823.00
   113   5125741.0     4690.84    12093.45    12093.45     6598.22     6598.22     1.00000      312.00    57823.00
   114   5162222.0     4671.36    12038.56    12038.56     6577.43     6577.43     1.00000      312.00    57823.00
   115   5198704.0     4651.66    11982.87    11982.87     6556.26     6556.26     1.00000      312.00    57823.00
   116   5235185.0     4631.95    11926.96    11926.96     6534.93     6534.93     1.00000      312.00    57823.00
   117   5271667.0     4612.03    11870.24    11870.24     6513.21     6513.21     1.00000      312.00    57823.00
   118   5308148.0     4591.92    11812.81    11812.81     6491.12     6491.12     1.00000      312.00    57823.00
   119   5344630.0     4571.76    11754.99    11754.99     6468.80     6468.80     1.00000      312.00    57823.00
   120   5381111.0     4551.35    11696.28    11696.28     6446.05     6446.05     1.00000      312.00    57823.00
   121   5417593.0     4530.81    11636.95    11636.95     6422.97     6422.97     1.00000      312.00    57823.00
   122   5454074.0     4510.13    11577.03    11577.03     6399.56     6399.56     1.00000      312.00    57823.00
   123   5490556.0     4489.20    11516.11    11516.11     6375.67     6375.67     1.00000      312.00    57823.00
   124   5527037.0     4468.18    11454.71    11454.71     6351.51     6351.51     1.00000      312.00    57823.00
   125   5563518.0     4446.95    11392.46    11392.46     6326.90     6326.90     1.00000      312.00    57823.00
   126   5600000.0     4425.44    11329.11    11329.11     6301.77     6301.77     1.00000      312.00    57823.00
   127   5600000.0     4425.44    11329.11    11329.11     6301.77     6301.77     1.00000      312.00    57823.00
   128   5633667.0     4405.51    11270.19    11270.19     6278.30     6278.30     1.00000      312.00    57823.00
   129   5667333.0     4385.39    11210.50    11210.50     6254.44     6254.44     1.00000      312.00    57823.00
   130   5701000.0     4380.74    10751.32    10751.32     5945.13     5945.13     1.00000      312.00    57823.00
   131   5701000.0     3992.12    10266.17    10266.17     5570.21     5570.21     1.00000      143.00    57823.00
   132   5771000.0     3975.82    10157.76    10157.76     5516.02     5516.02     1.00000      143.00    57823.00
   133   5771000.0     3975.82    10157.83    10157.43     5515.93     5515.93     1.00000      143.00    57823.00
   134   5804333.0     3933.81     9987.17     9986.77     5418.69     5418.69     1.00000      143.00    57823.00
   135   5837667.0     3891.80     9816.52     9816.12     5321.45     5321.45     1.00000      143.00    57823.00
   136   5871000.0     3849.78     9645.87     9645.47     5224.21     5224.21     1.00000      143.00    57823.00
   137   5904333.0     3807.77     9475.22     9474.82     5126.97     5126.97     1.00000      143.00    57823.00
   138   5937667.0     3765.76     9304.57     9304.17     5029.73     5029.73     1.00000      143.00    57823.00
   139   5971000.0     3723.75     9133.92     9133.52     4932.49     4932.49     1.00000      143.00    57823.00
   140   5971000.0     3543.26     8905.24     8905.24     4769.90     4769.90     1.00000      143.00    57823.00
   141   5993500.0     3529.83     8861.96     8861.96     4754.15     4754.15     1.00000      143.00    57823.00
   142   6016000.0     3516.39     8818.67     8818.67     4738.40     4738.40     1.00000      143.00    57823.00
   143   6038500.0     3502.96     8775.38     8775.38     4722.65     4722.65     1.00000      143.00    57823.00
   144   6061000.0     3489.52     8732.10     8732.10     4706.90     4706.90     1.00000      143.00    57823.00
   145   6083500.0     3476.08     8688.81     8688.81     4691.15     4691.15     1.00000      143.00    57823.00
   146   6106000.0     3462.65     8645.52     8645.52     4675.40     4675.40     1.00000      143.00    57823.00
   147   6128500.0     3449.21     8602.24     8602.24     4659.65     4659.65     1.00000      143.00    57823.00
   148   6151000.0     3435.77     8558.95     8558.95     4643.90     4643.90     1.00000      143.00    57823.00
   149   6151000.0     3359.49     7800.45     8048.56     4441.09     4436.26     0.97646       80.00    57823.00
   150   6179000.0     3362.53     7832.17     8068.85     4434.63     4461.39     0.96557       80.00    57823.00
   151   6207000.0     3365.58     7863.90     8089.15     4428.18     4486.52     0.95468       80.00    57823.00
   152   6235000.0     3368.62     7895.62     8109.44     4421.73     4511.65     0.94379       80.00    57823.00
   153   6263000.0     3371.66     7927.34     8129.73     4415.28     4536.78     0.93290       80.00    57823.00
   154   6291000.0     3374.71     7959.06     8150.02     4408.83     4561.90     0.92201       80.00    57823.00
   155   6291000.0     3374.71     7959.06     8150.02     4408.83     4561.99     0.92201      600.00    57823.00
   156   6318800.0     3377.73     7990.56     8170.17     4402.43     4586.94     0.91120      600.00    57823.00
   157   6346600.0     3380.75     8022.06     8190.32     4396.02     4611.89     0.90039      600.00    57823.00
   158   6346600.0     2900.00     6800.00     6800.00     3900.00     3900.00     1.00000      600.00    57823.00
   159   6347000.0     2900.00     6800.00     6800.00     3900.00     3900.00     1.00000      600.00    57823.00
   160   6348000.0     2900.00     6800.00     6800.00     3900.00     3900.00     1.00000      600.00    57823.00
   161   6349000.0     2900.00     6800.00     6800.00     3900.00     3900.00     1.00000      600.00    57823.00
   162   6350000.0     2900.00     6800.00     6800.00     3900.00     3900.00     1.00000      600.00    57823.00
   163   6351000.0     2900.00     6800.00     6800.00     3900.00     3900.00     1.00000      600.00    57823.00
   164   6352000.0     2900.00     6800.00     6800.00     3900.00     3900.00     1.00000      600.00    57823.00
   165   6353000.0     2900.00     6800.00     6800.00     3900.00     3900.00     1.00000      600.00    57823.00
   166   6354000.0     2900.00     6800.00     6800.00     3900.00     3900.00     1.00000      600.00    57823.00
   167   6355000.0     2900.00     6800.00     6800.00     3900.00     3900.00     1.00000      600.00    57823.00
   168   6356000.0     2900.00     6800.00     6800.00     3900.00     3900.00     1.00000      600.00    57823.00
   169   6356000.0     2600.00     5800.00     5800.00     3200.00     3200.00     1.00000      600.00    57823.00
   170   6357000.0     2600.00     5800.00     5800.00     3200.00     3200.00     1.00000      600.00    57823.00
   171   6358000.0     2600.00     5800.00     5800.00     3200.00     3200.00     1.00000      600.00    57823.00
   172   6359000.0     2600.00     5800.00     5800.00     3200.00     3200.00     1.00000      600.00    57823.00
   173   6360000.0     2600.00     5800.00     5800.00     3200.00     3200.00     1.00000      600.00    57823.00
   174   6361000.0     2600.00     5800.00     5800.00     3200.00     3200.00     1.00000      600.00    57823.00
   175   6362000.0     2600.00     5800.00     5800.00     3200.00     3200.00     1.00000      600.00    57823.00
   176   6363000.0     2600.00     5800.00     5800.00     3200.00     3200.00     1.00000      600.00    57823.00
   177   6364000.0     2600.00     5800.00     5800.00     3200.00     3200.00     1.00000      600.00    57823.00
   178   6365000.0     2600.00     5800.00     5800.00     3200.00     3200.00     1.00000      600.00    57823.00
   179   6366000.0     2600.00     5800.00     5800.00     3200.00     3200.00     1.00000      600.00    57823.00
   180   6367000.0     2600.00     5800.00     5800.00     3200.00     3200.00     1.00000      600.00    57823.00
   181   6368000.0     2600.00     5800.00     5800.00     3200.00     3200.00     1.00000      600.00    57823.00
   182   6368000.0     2600.00     5800.00     5800.00     3200.00     3200.00     1.00000      600.00    57823.00
   183   6369000.0     2600.00     5800.00     5800.00     3200.00     3200.00     1.00000      600.00    57823.00
   184   6370000.0     2600.00     5800.00     5800.00     3200.00     3200.00     1.00000      600.00    57823.00
   185   6371000.0     2600.00     5800.00     5800.00     3200.00     3200.00     1.00000      600.00    57823.00

integration precision =  0.1000E-09  root precision =  0.1000E-09  gravity cut off =  0.6283E-01 rad/s


      mode        phs vel       w(mhz)          t(secs)      grp vel(km/s)        q             raylquo

    0 t    2    6.095917       0.3807076        2626.688        9.216321        250.6199       0.7876851E-10
    0 t    3    6.731264       0.5885416        1699.115        7.643286        240.2105      -0.1052630E-09
    0 t    4    6.838230       0.7687211        1300.862        6.819948        228.3770      -0.7084036E-09
    0 t    5    6.782002       0.9318224        1073.166        6.249961        216.4776      -0.1554027E-08
    0 t    6    6.668118        1.082752        923.5722        5.836244        205.4079      -0.1927999E-08
    0 t    7    6.537120        1.224786        816.4692        5.531297        195.5361      -0.1622474E-08
    0 t    8    6.405760        1.360198        735.1872        5.301384        186.9077      -0.2253798E-08
    0 t    9    6.280749        1.490553        670.8918        5.123273        179.4331      -0.2258767E-08
    0 t   10    6.164441        1.616946        618.4499        4.981971        172.9838      -0.2113468E-08
    0 t   11    6.057323        1.740168        574.6572        4.867968        167.4292      -0.9587611E-09
    0 t   12    5.959110        1.860818        537.3980        4.775048        162.6483      -0.4373043E-09
    0 t   13    5.869215        1.979367        505.2121        4.698905        158.5326      -0.1066403E-08
    0 t   14    5.786960        2.096192        477.0556        4.636362        154.9867       0.1323394E-08
    0 t   15    5.711660        2.211600        452.1613        4.584959        151.9277       0.2622012E-09
    0 t   16    5.642665        2.325845        429.9513        4.542722        149.2841      -0.1070373E-09
    0 t   17    5.579370        2.439134        409.9815        4.508044        146.9952       0.3105930E-09
    0 t   18    5.521221        2.551640        391.9048        4.479602        145.0092      -0.2653900E-08
    0 t   19    5.467718        2.663503        375.4454        4.456306        143.2822       0.1817431E-08
    0 t   20    5.418408        2.774841        360.3810        4.437253        141.7773      -0.2327969E-08
    0 t   21    5.372887        2.885750        346.5304        4.421698        140.4632      -0.2200447E-08
    0 t   22    5.330789        2.996309        333.7440        4.409028        139.3137      -0.2048455E-08
    0 t   23    5.291790        3.106583        321.8971        4.398734        138.3062      -0.1935114E-08
    0 t   24    5.255598        3.216627        310.8847        4.390397        137.4221      -0.1841007E-08
    0 t   25    5.221951        3.326485        300.6176        4.383671        136.6452      -0.1698403E-08
    0 t   26    5.190618        3.436193        291.0198        4.378271        135.9619      -0.1627560E-08
    0 t   27    5.161390        3.545781        282.0253        4.373960        135.3606      -0.1151890E-08
    0 t   28    5.134078        3.655274        273.5773        4.370545        134.8314      -0.1629964E-08
    0 t   29    5.108517        3.764692        265.6260        4.367862        134.3657      -0.4021008E-09
    0 t   30    5.084555        3.874051        258.1277        4.365780        133.9562      -0.2985685E-09
    0 t   31    5.062058        3.983366        251.0440        4.364188        133.5966       0.9138282E-10
    0 t   32    5.040903        4.092646        244.3407        4.362993        133.2814       0.1903617E-09
    0 t   33    5.020981        4.201902        237.9875        4.362121        133.0060       0.8503664E-09
    0 t   34    5.002193        4.311139        231.9572        4.361509        132.7662       0.9596721E-09
    0 t   35    4.984450        4.420365        226.2257        4.361104        132.5585       0.1066297E-08
    0 t   36    4.967671        4.529583        220.7709        4.360865        132.3797       0.1355203E-08
    0 t   37    4.951782        4.638797        215.5731        4.360754        132.2271       0.8687839E-09
    0 t   38    4.936718        4.748010        210.6146        4.360743        132.0983       0.1779621E-08
    0 t   39    4.922418        4.857224        205.8789        4.360807        131.9913       0.1209978E-08
    0 t   40    4.908826        4.966440        201.3515        4.360927        131.9042       0.1296482E-08
    0 t   41    4.895893        5.075660        197.0187        4.361085        131.8354       0.1378676E-08
    0 t   42    4.883573        5.184885        192.8683        4.361268        131.7834       0.1681284E-08
    0 t   43    4.871824        5.294115        188.8890        4.361465        131.7470       0.1766061E-08
    0 t   44    4.860607        5.403349        185.0704        4.361667        131.7250       0.8675304E-09
    0 t   45    4.849888        5.512589        181.4030        4.361867        131.7165       0.2216282E-08
    0 t   46    4.839634        5.621834        177.8779        4.362058        131.7205       0.2314563E-08
    0 t   47    4.829816        5.731084        174.4871        4.362236        131.7363       0.1197202E-08
    0 t   48    4.820406        5.840337        171.2230        4.362397        131.7631       0.1258071E-08
    0 t   49    4.811380        5.949595        168.0787        4.362538        131.8003       0.1318048E-08
    0 t   50    4.802713        6.058855        165.0477        4.362657        131.8474      -0.1154232E-09
    0 t   51    4.794386        6.168119        162.1240        4.362751        131.9039      -0.1049084E-09
    0 t   52    4.786376        6.277384        159.3020        4.362821        131.9692      -0.8956198E-10
    0 t   53    4.778668        6.386650        156.5766        4.362863        132.0430      -0.8385307E-10
    0 t   54    4.771242        6.495917        153.9428        4.362879        132.1250      -0.7076490E-10
    0 t   55    4.764084        6.605184        151.3962        4.362868        132.2147      -0.7030652E-10
    0 t   56    4.757179        6.714450        148.9325        4.362828        132.3119      -0.6114819E-10
    0 t   57    4.750513        6.823715        146.5477        4.362762        132.4164      -0.5097873E-10
    0 t   58    4.744073        6.932977        144.2382        4.362667        132.5278      -0.5902663E-10
    0 t   59    4.737848        7.042237        142.0003        4.362546        132.6460      -0.5119824E-10
    0 t   60    4.731826        7.151493        139.8309        4.362397        132.7708      -0.6395005E-10
    0 t   61    4.725998        7.260744        137.7269        4.362221        132.9020      -0.5845614E-10
    0 t   62    4.720352        7.369991        135.6854        4.362019        133.0394      -0.5246417E-10
    0 t   63    4.714881        7.479232        133.7036        4.361792        133.1829      -0.4689993E-10
    0 t   64    4.709576        7.588467        131.7789        4.361538        133.3324      -0.6924684E-10
    0 t   65    4.704428        7.697694        129.9090        4.361260        133.4877      -0.7340106E-10
    0 t   66    4.699431        7.806914        128.0916        4.360957        133.6488      -0.7000359E-10
    0 t   67    4.694576        7.916126        126.3244        4.360629        133.8155      -0.9958759E-10
    0 t   68    4.689859        8.025329        124.6055        4.360278        133.9878      -0.9794239E-10
    0 t   69    4.685272        8.134523        122.9328        4.359904        134.1656      -0.9648240E-10
    0 t   70    4.680809        8.243707        121.3047        4.359506        134.3488      -0.9499703E-10
    0 t   71    4.676465        8.352880        119.7192        4.359086        134.5373      -0.9387969E-10
    0 t   72    4.672234        8.462041        118.1748        4.358643        134.7312      -0.8284220E-10
    0 t   73    4.668113        8.571192        116.6699        4.358179        134.9303      -0.8230069E-10
    0 t   74    4.664095        8.680329        115.2030        4.357693        135.1346      -0.8186872E-10
    0 t   75    4.660177        8.789454        113.7727        4.357186        135.3441      -0.8150338E-10
    0 t   76    4.656355        8.898566        112.3777        4.356658        135.5588      -0.8119863E-10
    0 t   77    4.652624        9.007664        111.0166        4.356109        135.7786      -0.8093387E-10
    0 t   78    4.648980        9.116747        109.6882        4.355540        136.0035      -0.8069557E-10
    0 t   79    4.645421        9.225815        108.3915        4.354951        136.2335      -0.8046937E-10
    0 t   80    4.641943        9.334868        107.1252        4.354341        136.4686      -0.8023984E-10
    0 t   81    4.638542        9.443905        105.8884        4.353712        136.7088      -0.7972691E-10
    0 t   82    4.635215        9.552925        104.6800        4.353064        136.9540      -0.7945773E-10
    0 t   83    4.631960        9.661929        103.4990        4.352396        137.2042      -0.7887723E-10
    0 t   84    4.628774        9.770915        102.3446        4.351709        137.4596      -0.7852604E-10
    0 t   85    4.625654        9.879883        101.2158        4.351003        137.7200      -0.7813725E-10
    0 t   86    4.622598        9.988833        100.1118        4.350278        137.9854      -0.7746742E-10
    0 t   87    4.619602        10.09776        99.03183        4.349534        138.2559      -0.7694539E-10
    1 t    2    21.26292        1.327931        753.0514        4.109342        255.2972      -0.6244391E-08
    1 t    3    16.55107        1.447127        691.0242        5.370176        251.7988      -0.6032809E-08
    1 t    4    14.17768        1.593787        627.4366        6.297121        248.6112      -0.5766654E-08
    1 t    5    12.80376        1.759191        568.4433        6.870111        245.2306      -0.5018090E-08
    1 t    6    11.91558        1.934822        516.8433        7.124687        241.1292      -0.4724342E-08
    1 t    7    11.28117        2.113625        473.1209        7.138524        236.2816      -0.4603529E-08
    1 t    8    10.78823        2.290771        436.5343        7.008087        231.1691      -0.5525529E-08
    1 t    9    10.38175        2.463806        405.8761        6.822310        226.4138      -0.5404462E-08
    1 t   10    10.03486        2.632166        379.9152        6.640898        222.4060      -0.5035917E-08
    1 t   11    9.733754        2.796345        357.6097        6.489600        219.2003      -0.4546997E-08
    1 t   12    9.470047        2.957159        338.1624        6.370955        216.6352      -0.4235736E-08
    1 t   13    9.237611        3.115344        320.9919        6.277677        214.4833      -0.3708742E-08
    1 t   14    9.031418        3.271421        305.6775        6.200965        212.5388      -0.3477494E-08
    1 t   15    8.847218        3.425713        291.9101        6.133722        210.6462      -0.2962942E-08
    1 t   16    8.681428        3.578390        279.4553        6.071100        208.6997      -0.2473166E-08
    1 t   17    8.531063        3.729527        268.1305        6.010089        206.6348      -0.2038275E-08
    1 t   18    8.393659        3.879141        257.7890        5.948972        204.4176      -0.1721167E-08
    1 t   19    8.267192        4.027218        248.3104        5.886878        202.0369      -0.1367879E-08
    1 t   20    8.150003        4.173728        239.5940        5.823470        199.4981      -0.1125411E-08
    1 t   21    8.040736        4.318638        231.5545        5.758751        196.8182      -0.1762451E-08
    1 t   22    7.938281        4.461917        224.1189        5.692938        194.0220      -0.1693063E-08
    1 t   23    7.841729        4.603543        217.2240        5.626383        191.1395      -0.5191349E-09
    1 t   24    7.750336        4.743503        210.8147        5.559520        188.2030      -0.4149365E-09
    1 t   25    7.663492        4.881794        204.8427        5.492825        185.2454      -0.3258633E-09
    1 t   26    7.580698        5.018427        199.2656        5.426788        182.2985      -0.1820663E-08
    1 t   27    7.501545        5.153425        194.0457        5.361890        179.3913       0.2989766E-09
    1 t   28    7.425697        5.286821        189.1496        5.298580        176.5499      -0.8030045E-08
    1 t   29    7.352880        5.418662        184.5474        5.237260        173.7961      -0.7623217E-08
    1 t   30    7.282866        5.548999        180.2127        5.178277        171.1476      -0.7096201E-08
    1 t   31    7.215467        5.677897        176.1215        5.121913        168.6180      -0.6446651E-08
    1 t   32    7.150525        5.805423        172.2527        5.068383        166.2167      -0.5692481E-08
    1 t   33    7.087909        5.931649        168.5872        5.017835        163.9499      -0.4844713E-08
    1 t   34    7.027502        6.056652        165.1077        4.970357        161.8203      -0.3913303E-08
    1 t   35    6.969206        6.180508        161.7990        4.925976        159.8282      -0.2916399E-08
    1 t   36    6.912931        6.303295        158.6472        4.884675        157.9716      -0.1977567E-09
    1 t   37    6.858598        6.425089        155.6399        4.846390        156.2470       0.1897284E-07
    1 t   38    6.806132        6.545964        152.7659        4.811028        154.6495       0.1848541E-07
    1 t   39    6.755463        6.665992        150.0152        4.778469        153.1735      -0.4287482E-08
    1 t   40    6.706527        6.785240        147.3787        4.748571        151.8126      -0.4452236E-08
    1 t   41    6.659260        6.903774        144.8483        4.721183        150.5602      -0.4605956E-08
    1 t   42    6.613601        7.021654        142.4166        4.696147        149.4097      -0.4717578E-08
    1 t   43    6.569492        7.138937        140.0769        4.673301        148.3544      -0.4792230E-08
    1 t   44    6.526875        7.255676        137.8231        4.652483        147.3876      -0.4908423E-08
    1 t   45    6.485696        7.371918        135.6499        4.633536        146.5031      -0.5014189E-08
    1 t   46    6.445900        7.487710        133.5522        4.616309        145.6949      -0.5604840E-08
    1 t   47    6.407433        7.603092        131.5254        4.600655        144.9572      -0.4740378E-08
    1 t   48    6.370246        7.718101        129.5656        4.586438        144.2847      -0.4649871E-08
    1 t   49    6.334287        7.832772        127.6687        4.573529        143.6723      -0.4703345E-08
    1 t   50    6.299509        7.947136        125.8315        4.561808        143.1152      -0.3713041E-08
    1 t   51    6.265865        8.061221        124.0507        4.551164        142.6091      -0.3708078E-08
    1 t   52    6.233310        8.175053        122.3234        4.541494        142.1500      -0.3742594E-08
    1 t   53    6.201800        8.288654        120.6468        4.532705        141.7340      -0.3727497E-08
    1 t   54    6.171292        8.402047        119.0186        4.524709        141.3577      -0.3708462E-08
    1 t   55    6.141746        8.515249        117.4364        4.517429        141.0177      -0.3683853E-08
    1 t   56    6.113123        8.628278        115.8980        4.510792        140.7113      -0.3657889E-08
    1 t   57    6.085385        8.741148        114.4015        4.504734        140.4355      -0.3629390E-08
    1 t   58    6.058497        8.853873        112.9449        4.499195        140.1878      -0.3594806E-08
    1 t   59    6.032424        8.966467        111.5267        4.494122        139.9660      -0.1696396E-08
    1 t   60    6.007132        9.078939        110.1450        4.489467        139.7677      -0.1653660E-08
    1 t   61    5.982590        9.191299        108.7985        4.485188        139.5911      -0.3571183E-08
    1 t   62    5.958768        9.303557        107.4858        4.481244        139.4342      -0.3584126E-08
    1 t   63    5.935637        9.415720        106.2054        4.477600        139.2953      -0.2579678E-08
    1 t   64    5.913168        9.527796        104.9561        4.474226        139.1728      -0.2553863E-08
    1 t   65    5.891336        9.639791        103.7367        4.471093        139.0653      -0.2527979E-08
    1 t   66    5.870115        9.751710        102.5461        4.468175        138.9714      -0.2501257E-08
    1 t   67    5.849481        9.863558        101.3833        4.465450        138.8897      -0.2474250E-08
    1 t   68    5.829410        9.975341        100.2472        4.462899        138.8192      -0.2447142E-08
    1 t   69    5.809882        10.08706        99.13690        4.460502        138.7588      -0.2423984E-08
    2 t    2    35.84530        2.238642        446.6993        2.150971        203.6616      -0.8981257E-08
    2 t    3    26.33999        2.303012        434.2140        2.991917        205.5282      -0.8248073E-08
    2 t    4    21.24481        2.388240        418.7184        3.818144        208.3010      -0.7323114E-08
    2 t    5    18.15133        2.493926        400.9742        4.626413        212.1294      -0.6255086E-08
    2 t    6    16.13212        2.619493        381.7532        5.404372        217.0434      -0.5125150E-08
    2 t    7    14.75166        2.763851        361.8141        6.122281        222.8086      -0.3994049E-08
    2 t    8    13.77478        2.924935        341.8879        6.733610        228.8355      -0.2999272E-08
    2 t    9    13.06025        3.099472        322.6356        7.191848        234.3028      -0.2187730E-08
    2 t   10    12.51714        3.283272        304.5742        7.473342        238.4909      -0.1137234E-08
    2 t   11    12.08550        3.471962        288.0216        7.587170        241.0607      -0.7271205E-09
    2 t   12    11.72643        3.661747        273.0937        7.568332        242.0828      -0.5098873E-09
    2 t   13    11.41567        3.849886        259.7480        7.463583        241.8830      -0.4792235E-09
    2 t   14    11.13889        4.034805        247.8434        7.317526        240.8524      -0.1087798E-08
    2 t   15    10.88799        4.215914        237.1965        7.163115        239.3168      -0.1324397E-08
    2 t   16    10.65837        4.393265        227.6211        7.018889        237.4901      -0.1781184E-08
    2 t   17    10.44723        4.567219        218.9516        6.891788        235.4918      -0.2296257E-08
    2 t   18    10.25252        4.738215        211.0499        6.781989        233.3852      -0.2175376E-08
    2 t   19    10.07253        4.906657        203.8047        6.686901        231.2102      -0.2791642E-08
    2 t   20    9.905759        5.072875        197.1269        6.603490        229.0011      -0.3275089E-08
    2 t   21    9.750842        5.237127        190.9444        6.529246        226.7934      -0.3742326E-08
    2 t   22    9.606566        5.399620        185.1982        6.462390        224.6232      -0.4183290E-08
    2 t   23    9.471858        5.560522        179.8392        6.401758        222.5249      -0.4576205E-08
    2 t   24    9.345787        5.719979        174.8258        6.346596        220.5275      -0.4879913E-08
    2 t   25    9.227538        5.878121        170.1224        6.296362        218.6522      -0.5117081E-08
    2 t   26    9.116404        6.035065        165.6983        6.250596        216.9109      -0.5281742E-08
    2 t   27    9.011763        6.190917        161.5270        6.208827        215.3059      -0.5452226E-08
    2 t   28    8.913063        6.345770        157.5853        6.170544        213.8307      -0.5544698E-08
    2 t   29    8.819808        6.499705        153.8531        6.135179        212.4713      -0.5640352E-08
    2 t   30    8.731548        6.652787        150.3130        6.102124        211.2076      -0.5708047E-08
    2 t   31    8.647871        6.805065        146.9494        6.070753        210.0156      -0.5799189E-08
    2 t   32    8.568396        6.956574        143.7489        6.040441        208.8690      -0.5845069E-08
    2 t   33    8.492769        7.107333        140.6998        6.010593        207.7409      -0.5937980E-08
    2 t   34    8.420662        7.257346        137.7914        5.980657        206.6049      -0.6078596E-08
    2 t   35    8.351767        7.406606        135.0146        5.950141        205.4368      -0.6200040E-08
    2 t   36    8.285798        7.555091        132.3611        5.918619        204.2150      -0.6405480E-08
    2 t   37    8.222489        7.702773        129.8234        5.885743        202.9214      -0.6711579E-08
    2 t   38    8.161595        7.849614        127.3948        5.851238        201.5418      -0.7011765E-08
    2 t   39    8.102888        7.995571        125.0692        5.814909        200.0660      -0.7380728E-08
    2 t   40    8.046160        8.140596        122.8411        5.776639        198.4884      -0.7825492E-08
    2 t   41    7.991220        8.284641        120.7053        5.736383        196.8075      -0.8286548E-08
    2 t   42    7.937895        8.427656        118.6570        5.694170        195.0256      -0.8867437E-08
    2 t   43    7.886030        8.569594        116.6916        5.650094        193.1489      -0.9391390E-08
    2 t   44    7.835487        8.710409        114.8052        5.604315        191.1869      -0.9874762E-08
    2 t   45    7.786143        8.850061        112.9936        5.557044        189.1517      -0.1054928E-07
    2 t   46    7.737891        8.988518        111.2530        5.508543        187.0576      -0.1112809E-07
    2 t   47    7.690640        9.125751        109.5800        5.459111        184.9204      -0.1173144E-07
    2 t   48    7.644312        9.261742        107.9710        5.409075        182.7565      -0.1264390E-07
    2 t   49    7.598843        9.396479        106.4228        5.358779        180.5826      -0.1334602E-07
    2 t   50    7.554179        9.529962        104.9322        5.308574        178.4150      -0.1374686E-07
    2 t   51    7.510278        9.662195        103.4962        5.258806        176.2689      -0.1087962E-07
    2 t   52    7.467110        9.793195        102.1117        5.209805        174.1582      -0.1103453E-07
    2 t   53    7.424650        9.922984        100.7761        5.161875        172.0952      -0.1149868E-07
    2 t   54    7.382880        10.05159        99.48673        5.115293        170.0902      -0.1161104E-07
    3 t    2    51.95551        3.244772        308.1881        1.538732        216.8145      -0.1863486E-08
    3 t    3    37.63780        3.290825        303.8752        2.141001        218.2678      -0.1788201E-08
    3 t    4    29.81627        3.351802        298.3470        2.731515        220.1467      -0.1706623E-08
    3 t    5    24.94527        3.427389        291.7673        3.308861        222.4048      -0.1641831E-08
    3 t    6    21.66094        3.517250        284.3130        3.872774        224.9881      -0.1558154E-08
    3 t    7    19.32686        3.621055        276.1626        4.423883        227.8367      -0.1623184E-08
    3 t    8    17.60618        3.738492        267.4875        4.962901        230.8827      -0.1760955E-08
    3 t    9    16.30389        3.869254        258.4477        5.488897        234.0412      -0.1332011E-08
    3 t   10    15.29900        4.012960        249.1926        5.996498        237.1903      -0.1699799E-08
    3 t   11    14.51182        4.169004        239.8654        6.472698        240.1436      -0.2010852E-08
    3 t   12    13.88677        4.336344        230.6090        6.895458        242.6314      -0.2367737E-08
    3 t   13    13.38283        4.513300        221.5674        7.236967        244.3217      -0.2798551E-08
    3 t   14    12.96842        4.697510        212.8788        7.472067        244.8971      -0.3259708E-08
    3 t   15    12.61885        4.886119        204.6614        7.588062        244.1684      -0.3729551E-08
    3 t   16    12.31517        5.076180        196.9985        7.590695        242.1677      -0.4200713E-08
    3 t   17    12.04365        5.265125        189.9290        7.503658        239.1709      -0.4627434E-08
    3 t   18    11.79512        5.451132        183.4481        7.361819        235.6252      -0.4989289E-08
    3 t   19    11.56418        5.633287        177.5163        7.200707        232.0081      -0.5182930E-08
    3 t   20    11.34800        5.811467        172.0736        7.047247        228.6933      -0.5319010E-08
    3 t   21    11.14528        5.986072        167.0544        6.916095        225.8918      -0.5357667E-08
    3 t   22    10.95533        6.157731        162.3975        6.811490        223.6703      -0.5346456E-08
    3 t   23    10.77764        6.327089        158.0506        6.731412        222.0015      -0.5251225E-08
    3 t   24    10.61160        6.494705        153.9716        6.671218        220.8114      -0.5195702E-08
    3 t   25    10.45653        6.661012        150.1273        6.625845        220.0097      -0.5176635E-08
    3 t   26    10.31166        6.826323        146.4918        6.590812        219.5056      -0.5237865E-08
    3 t   27    10.17618        6.990848        143.0442        6.562513        219.2147      -0.5376528E-08
    3 t   28    10.04929        7.154719        139.7679        6.538201        219.0625      -0.5650988E-08
    3 t   29    9.930212        7.318011        136.6491        6.515851        218.9847      -0.6094036E-08
    3 t   30    9.818224        7.480753        133.6764        6.494013        218.9279      -0.6647203E-08
    3 t   31    9.712646        7.642944        130.8396        6.471688        218.8488      -0.7384630E-08
    3 t   32    9.612862        7.804563        128.1302        6.448220        218.7142      -0.7391699E-08
    3 t   33    9.518310        7.965576        125.5402        6.423224        218.5002      -0.8264003E-08
    3 t   34    9.428491        8.125943        123.0626        6.396527        218.1919      -0.9218308E-08
    3 t   35    9.342954        8.285622        120.6910        6.368126        217.7824      -0.1025974E-07
    3 t   36    9.261304        8.444570        118.4193        6.338156        217.2724      -0.1130286E-07
    3 t   37    9.183190        8.602751        116.2419        6.306860        216.6687      -0.1240463E-07
    3 t   38    9.108307        8.760137        114.1535        6.274572        215.9840      -0.1337875E-07
    3 t   39    9.036389        8.916708        112.1490        6.241688        215.2351      -0.1422468E-07
    3 t   40    8.967207        9.072453        110.2238        6.208648        214.4420      -0.1504779E-07
    3 t   41    8.900565        9.227376        108.3732        6.175908        213.6263      -0.1563450E-07
    3 t   42    8.836297        9.381489        106.5929        6.143920        212.8103      -0.1603382E-07
    3 t   43    8.774261        9.534816        104.8788        6.113103        212.0151      -0.1623066E-07
    3 t   44    8.714337        9.687392        103.2270        6.083824        211.2600      -0.1621687E-07
    3 t   45    8.656422        9.839258        101.6337        6.056375        210.5610      -0.1598003E-07
    3 t   46    8.600430        9.990464        100.0955        6.030961        209.9302      -0.1569158E-07
    3 t   47    8.546283        10.14106        98.60901        6.007689        209.3754      -0.1502135E-07
    4 t    2    69.56985        4.344838        230.1582        1.117548        220.4205      -0.6635469E-08
    4 t    3    50.07544        4.378299        228.3992        1.556201        220.4059      -0.6722694E-08
    4 t    4    39.34200        4.422639        226.1093        1.987032        220.3758      -0.6833862E-08
    4 t    5    32.58925        4.477644        223.3317        2.408568        220.3244      -0.6964131E-08
    4 t    6    27.97844        4.543069        220.1155        2.819888        220.2487      -0.7106922E-08
    4 t    7    24.65140        4.618653        216.5134        3.220725        220.1509      -0.7253621E-08
    4 t    8    22.15382        4.704138        212.5788        3.611568        220.0416      -0.7393279E-08
    4 t    9    20.22278        4.799289        208.3642        3.993741        219.9430      -0.7512099E-08
    4 t   10    18.69567        4.903915        203.9187        4.369449        219.8918      -0.7599976E-08
    4 t   11    17.46670        5.017891        199.2869        4.741695        219.9424      -0.7591065E-08
    4 t   12    16.46416        5.141172        194.5082        5.113946        220.1677      -0.7490353E-08
    4 t   13    15.63786        5.273798        189.6167        5.489244        220.6549      -0.7290694E-08
    4 t   14    14.95159        5.415865        184.6427        5.868463        221.4918      -0.6924663E-08
    4 t   15    14.37840        5.567431        179.6160        6.247539        222.7377      -0.6525927E-08
    4 t   16    13.89742        5.728363        174.5699        6.614464        224.3793      -0.6034139E-08
    4 t   17    13.49156        5.898109        169.5459        6.948311        226.2894      -0.5546058E-08
    4 t   18    13.14617        6.075521        164.5949        7.223120        228.2285      -0.5105394E-08
    4 t   19    12.84830        6.258826        159.7744        7.416733        229.9170      -0.4743185E-08
    4 t   20    12.58674        6.445843        155.1388        7.519906        231.1496      -0.4546179E-08
    4 t   21    12.35232        6.634368        150.7303        7.539945        231.8730      -0.4590805E-08
    4 t   22    12.13814        6.822557        146.5726        7.497116        232.1771      -0.4483304E-08
    4 t   23    11.93947        7.009151        142.6706        7.416649        232.2188      -0.5085738E-08
    4 t   24    11.75335        7.193502        139.0144        7.320926        232.1380      -0.5992258E-08
    4 t   25    11.57803        7.375433        135.5853        7.225124        232.0128      -0.7165839E-08
    4 t   26    11.41246        7.555054        132.3617        7.136865        231.8581      -0.8646889E-08
    4 t   27    11.25588        7.732586        129.3228        7.058229        231.6486      -0.1016589E-07
    4 t   28    11.10769        7.908264        126.4500        6.988236        231.3443      -0.1187520E-07
    4 t   29    10.96729        8.082276        123.7275        6.924750        230.9075      -0.1358858E-07
    4 t   30    10.83408        8.254760        121.1422        6.865589        230.3136      -0.1527778E-07
    4 t   31    10.70750        8.425799        118.6831        6.809040        229.5537      -0.1686978E-07
    4 t   32    10.58699        8.595446        116.3407        6.754013        228.6357      -0.1826119E-07
    4 t   33    10.47205        8.763730        114.1067        6.700014        227.5817      -0.1937891E-07
    4 t   34    10.36222        8.930677        111.9736        6.647046        226.4257      -0.2016800E-07
    4 t   35    10.25710        9.096316        109.9346        6.595481        225.2100      -0.2055041E-07
    4 t   36    10.15636        9.260690        107.9833        6.545925        223.9814      -0.2057679E-07
    4 t   37    10.05970        9.423859        106.1136        6.499093        222.7875      -0.2013377E-07
    4 t   38    9.966888        9.585899        104.3199        6.455698        221.6727      -0.1927986E-07
    4 t   39    9.877728        9.746903        102.5967        6.416356        220.6755      -0.1809122E-07
    4 t   40    9.792053        9.906981        100.9389        6.381516        219.8257      -0.1667954E-07
    4 t   41    9.709725        10.06625        99.34190        6.351417        219.1433      -0.1521957E-07
    5 t    2    86.31638        5.390707        185.5044       0.8554365        197.8008      -0.1012381E-07
    5 t    3    61.94797        5.416362        184.6258        1.194669        197.9367      -0.9980371E-08
    5 t    4    48.48518        5.450471        183.4704        1.531169        198.1366      -0.9790803E-08
    5 t    5    39.97894        5.492961        182.0512        1.864448        198.4163      -0.9557067E-08
    5 t    6    34.14110        5.543747        180.3834        2.194223        198.7956      -0.9282250E-08
    5 t    7    29.90382        5.602740        178.4841        2.520444        199.2981      -0.8970986E-08
    5 t    8    26.70178        5.669852        176.3714        2.843326        199.9507      -0.8629932E-08
    5 t    9    24.20775        5.745006        174.0642        3.163361        200.7834      -0.8268287E-08
    5 t   10    22.21919        5.828140        171.5813        3.481336        201.8286      -0.7887884E-08
    5 t   11    20.60410        5.919214        168.9413        3.798338        203.1207      -0.7497661E-08
    5 t   12    19.27283        6.018221        166.1621        4.115752        204.6945      -0.6678807E-08
    5 t   13    18.16240        6.125191        163.2602        4.435245        206.5847      -0.6370018E-08
    5 t   14    17.22732        6.240198        160.2513        4.758693        208.8232      -0.6144434E-08
    5 t   15    16.43397        6.363365        157.1496        5.088020        211.4368      -0.6033618E-08
    5 t   16    15.75699        6.494860        153.9679        5.424820        214.4415      -0.6068827E-08
    5 t   17    15.17688        6.634879        150.7186        5.769621        217.8339      -0.6281125E-08
    5 t   18    14.67832        6.783606        147.4142        6.120644        221.5760      -0.6902737E-08
    5 t   19    14.24896        6.941133        144.0687        6.472066        225.5743      -0.7478850E-08
    5 t   20    13.87844        7.107338        140.6996        6.812359        229.6576      -0.8296489E-08
    5 t   21    13.55763        7.281735        137.3299        7.123908        233.5684      -0.9353024E-08
    5 t   22    13.27817        7.463340        133.9883        7.385334        236.9870      -0.1068516E-07
    5 t   23    13.03219        7.650640        130.7080        7.576616        239.5953      -0.1225565E-07
    5 t   24    12.81244        7.841702        127.5233        7.685086        241.1588      -0.1400818E-07
    5 t   25    12.61251        8.034413        124.4646        7.709463        241.5898      -0.1590184E-07
    5 t   26    12.42715        8.226783        121.5542        7.660316        240.9647      -0.1786544E-07
    5 t   27    12.25244        8.417200        118.8044        7.557036        239.4942      -0.1969734E-07
    5 t   28    12.08574        8.604598        116.2169        7.422589        237.4622      -0.2119547E-07
    5 t   29    11.92556        8.788470        113.7855        7.278078        235.1576      -0.2216395E-07
    5 t   30    11.77120        8.968773        111.4980        7.139171        232.8262      -0.2240946E-07
    5 t   31    11.62245        9.145778        109.3401        7.015208        230.6499      -0.2191472E-07
    5 t   32    11.47932        9.319918        107.2971        6.910314        228.7500      -0.2070691E-07
    5 t   33    11.34190        9.491685        105.3554        6.825193        227.1996      -0.1893820E-07
    5 t   34    11.21026        9.661559        103.5030        6.758677        226.0361      -0.1681398E-07
    5 t   35    11.08439        9.829983        101.7296        6.708742        225.2703      -0.1460909E-07
    5 t   36    10.96426        9.997342        100.0266        6.673045        224.8915      -0.1269736E-07
    5 t   37    10.84974        10.16396        98.38685        6.649178        224.8721      -0.1115392E-07
    6 t    2    103.0067        6.433064        155.4469       0.7441941        201.9151      -0.1142549E-07
    6 t    3    73.83157        6.455392        154.9092        1.040308        202.3739      -0.1157432E-07
    6 t    4    57.68892        6.485111        154.1994        1.334879        202.9833      -0.1178101E-07
    6 t    5    47.46979        6.522176        153.3231        1.627495        203.7404      -0.1205225E-07
    6 t    6    40.43993        6.566535        152.2873        1.917764        204.6417      -0.1239588E-07
    6 t    7    35.32328        6.618122        151.1003        2.205322        205.6817      -0.1283420E-07
    6 t    8    31.44425        6.676866        149.7709        2.489827        206.8531      -0.1338027E-07
    6 t    9    28.41167        6.742686        148.3088        2.770978        208.1465      -0.1404486E-07
    6 t   10    25.98338        6.815496        146.7245        3.048510        209.5501      -0.1476518E-07
    6 t   11    24.00140        6.895201        145.0284        3.322217        211.0493      -0.1557565E-07
    6 t   12    22.35830        6.981703        143.2315        3.591959        212.6272      -0.1649571E-07
    6 t   13    20.97849        7.074903        141.3447        3.857687        214.2644      -0.1755414E-07
    6 t   14    19.80721        7.174700        139.3786        4.119474        215.9396      -0.1872577E-07
    6 t   15    18.80385        7.280999        137.3438        4.377546        217.6303      -0.1999525E-07
    6 t   16    17.93767        7.393710        135.2501        4.632326        219.3141      -0.2134255E-07
    6 t   17    17.18498        7.512760        133.1069        4.884468        220.9697      -0.2273602E-07
    6 t   18    16.52725        7.638092        130.9228        5.134886        222.5785      -0.2413140E-07
    6 t   19    15.94982        7.769677        128.7055        5.384732        224.1263      -0.2545857E-07
    6 t   20    15.44094        7.907518        126.4619        5.635283        225.6050      -0.2665920E-07
    6 t   21    14.99111        8.051647        124.1982        5.887650        227.0123      -0.2761625E-07
    6 t   22    14.59254        8.202115        121.9198        6.142186        228.3504      -0.2824186E-07
    6 t   23    14.23876        8.358964        119.6320        6.397499        229.6204      -0.2838912E-07
    6 t   24    13.92424        8.522167        117.3410        6.649115        230.8128      -0.2796455E-07
    6 t   25    13.64406        8.691529        115.0545        6.888235        231.8952      -0.2687590E-07
    6 t   26    13.39362        8.866582        112.7830        7.101582        232.8064      -0.2514203E-07
    6 t   27    13.16845        9.046485        110.5402        7.273477        233.4676      -0.2277338E-07
    6 t   28    12.96419        9.230022        108.3421        7.390406        233.8176      -0.1995512E-07
    6 t   29    12.77671        9.415723        106.2053        7.446391        233.8605      -0.1688651E-07
    6 t   30    12.60242        9.602102        104.1439        7.446182        233.6926      -0.1393795E-07
    6 t   31    12.43847        9.787914        102.1668        7.404100        233.4832      -0.1153880E-07
    6 t   32    12.28292        9.972346        100.2773        7.338993        233.4153      -0.1010966E-07
    6 t   33    12.13458        10.15505        98.47320        7.268199        233.6226      -0.1004648E-07
    7 t    2    120.7178        7.539175        132.6405       0.6359100        210.9190      -0.4604636E-07
    7 t    3    86.44513        7.558247        132.3058       0.8883876        211.0241      -0.4622098E-07
    7 t    4    67.46075        7.583613        131.8633        1.138999        211.1577      -0.4644262E-07
    7 t    5    55.42521        7.615221        131.3159        1.387242        211.3145      -0.4670119E-07
    7 t    6    47.13094        7.653005        130.6676        1.632637        211.4883      -0.4698347E-07
    7 t    7    41.08104        7.696889        129.9226        1.874736        211.6720      -0.4727318E-07
    7 t    8    36.48295        7.746783        129.0858        2.113129        211.8582      -0.4755203E-07
    7 t    9    32.87780        7.802592        128.1625        2.347457        212.0395      -0.4778913E-07
    7 t   10    29.98149        7.864210        127.1584        2.577419        212.2088      -0.4795872E-07
    7 t   11    27.60872        7.931523        126.0792        2.802791        212.3601      -0.4803398E-07
    7 t   12    25.63345        8.004417        124.9310        3.023436        212.4894      -0.4796218E-07
    7 t   13    23.96702        8.082771        123.7200        3.239334        212.5947      -0.4770842E-07
    7 t   14    22.54518        8.166468        122.4520        3.450598        212.6777      -0.4722161E-07
    7 t   15    21.32032        8.255395        121.1329        3.657509        212.7444      -0.4645758E-07
    7 t   16    20.25636        8.349450        119.7684        3.860550        212.8061      -0.4535951E-07
    7 t   17    19.32552        8.448543        118.3636        4.060445        212.8803      -0.4388118E-07
    7 t   18    18.50607        8.552608        116.9234        4.258207        212.9920      -0.4199312E-07
    7 t   19    17.78080        8.661608        115.4520        4.455184        213.1746      -0.3968854E-07
    7 t   20    17.13593        8.775543        113.9531        4.653106        213.4705      -0.3691595E-07
    7 t   21    16.56032        8.894464        112.4295        4.854122        213.9313      -0.3370118E-07
    7 t   22    16.04495        9.018479        110.8834        5.060803        214.6182      -0.3013068E-07
    7 t   23    15.58241        9.147765        109.3163        5.276084        215.6004      -0.2629654E-07
    7 t   24    15.16666        9.282576        107.7287        5.503082        216.9526      -0.2238926E-07
    7 t   25    14.79271        9.423242        106.1206        5.744679        218.7490      -0.1866551E-07
    7 t   26    14.45641        9.570154        104.4915        6.002755        221.0532      -0.1540250E-07
    7 t   27    14.15427        9.723726        102.8412        6.276933        223.9002      -0.1300233E-07
    7 t   28    13.88319        9.884315        101.1704        6.562922        227.2717      -0.1184439E-07
    7 t   29    13.64026        10.05211        99.48162        6.850993        231.0691      -0.1231356E-07
    8 t    2    137.5977        8.593373        116.3687       0.5268905        200.3739      -0.4853395E-07
    8 t    3    98.46488        8.609183        116.1550       0.7367171        200.4340      -0.4779517E-07
    8 t    4    76.77105        8.630233        115.8717       0.9456505        200.5189      -0.4680839E-07
    8 t    5    63.00383        8.656497        115.5202        1.153487        200.6327      -0.4558226E-07
    8 t    6    53.50461        8.687946        115.1020        1.360061        200.7810      -0.4411934E-07
    8 t    7    46.56602        8.724547        114.6191        1.565252        200.9704      -0.4242850E-07
    8 t    8    41.28412        8.766263        114.0737        1.768993        201.2089      -0.4052285E-07
    8 t    9    37.13561        8.813059        113.4680        1.971276        201.5059      -0.3841659E-07
    8 t   10    33.79652        8.864899        112.8044        2.172152        201.8723      -0.3614105E-07
    8 t   11    31.05558        8.921748        112.0857        2.371744        202.3202      -0.3372959E-07
    8 t   12    28.76913        8.983577        111.3142        2.570236        202.8632      -0.3123017E-07
    8 t   13    26.83611        9.050360        110.4928        2.767881        203.5158      -0.2869401E-07
    8 t   14    25.18335        9.122081        109.6241        2.964988        204.2933      -0.2620159E-07
    8 t   15    23.75657        9.198731        108.7106        3.161921        205.2115      -0.2383947E-07
    8 t   16    22.51469        9.280309        107.7550        3.359081        206.2861      -0.2170356E-07
    8 t   17    21.42604        9.366827        106.7597        3.556897        207.5320      -0.1992053E-07
    8 t   18    20.46582        9.458305        105.7272        3.755807        208.9623      -0.1861816E-07
    8 t   19    19.61433        9.554778        104.6597        3.956241        210.5881      -0.1794094E-07
    8 t   20    18.85575        9.656287        103.5595        4.158610        212.4167      -0.1804155E-07
    8 t   21    18.17721        9.762887        102.4287        4.363290        214.4514      -0.1906672E-07
    8 t   22    17.56815        9.874637        101.2695        4.570622        216.6901      -0.2117606E-07
    8 t   23    17.01982        9.991610        100.0840        4.780916        219.1251      -0.2450528E-07
    8 t   24    16.52491        10.11388        98.87401        4.994464        221.7426      -0.2917616E-07
    9 t    2    154.0154        9.618709        103.9641       0.4901698        209.5478      -0.4311524E-07
    9 t    3    110.1793        9.633424        103.8053       0.6860536        209.8503      -0.4385900E-07
    9 t    4    85.86950        9.653037        103.5943       0.8817528        210.2541      -0.4488432E-07
    9 t    5    70.43523        9.677544        103.3320        1.077213        210.7592      -0.4621856E-07
    9 t    6    59.78006        9.706937        103.0191        1.272380        211.3656      -0.4789654E-07
    9 t    7    51.99230        9.741209        102.6567        1.467193        212.0732      -0.4995548E-07
    9 t    8    46.05989        9.780349        102.2458        1.661589        212.8810      -0.5244802E-07
    9 t    9    41.39688        9.824347        101.7879        1.855499        213.7879      -0.5541266E-07
    9 t   10    37.64052        9.873189        101.2844        2.048841        214.7914      -0.5890789E-07
    9 t   11    34.55425        9.926860        100.7368        2.241526        215.8887      -0.6298472E-07
    9 t   12    31.97720        9.985341        100.1468        2.433449        217.0751      -0.6770057E-07
    9 t   13    29.79613        10.04861        99.51622        2.624490        218.3451      -0.7311200E-07
