 PREM NO OCEAN MODEL: (    0.0000    0.000) anisotropic case +  pyrolite
   1    1.00000  1
   185  33  66
       0  13088.50  11262.20   3667.80    1327.7      84.6  11262.20   3667.80   1.00000 
   38172  13088.18  11261.97   3667.64    1327.7      84.6  11261.97   3667.64   1.00000 
   76344  13087.23  11261.29   3667.16    1327.7      84.6  11261.29   3667.16   1.00000 
  114516  13085.64  11260.14   3666.36    1327.7      84.6  11260.14   3666.36   1.00000 
  152688  13083.42  11258.54   3665.25    1327.7      84.6  11258.54   3665.25   1.00000 
  190859  13080.57  11256.49   3663.81    1327.7      84.6  11256.49   3663.81   1.00000 
  229031  13077.08  11253.98   3662.05    1327.7      84.6  11253.98   3662.05   1.00000 
  267203  13072.95  11251.01   3659.98    1327.7      84.6  11251.01   3659.98   1.00000 
  305375  13068.19  11247.58   3657.58    1327.7      84.6  11247.58   3657.58   1.00000 
  343547  13062.80  11243.70   3654.87    1327.7      84.6  11243.70   3654.87   1.00000 
  381719  13056.77  11239.35   3651.83    1327.7      84.6  11239.35   3651.83   1.00000 
  419891  13050.11  11234.56   3648.48    1327.7      84.6  11234.56   3648.48   1.00000 
  458062  13042.81  11229.30   3644.81    1327.7      84.6  11229.30   3644.81   1.00000 
  496234  13034.88  11223.59   3640.82    1327.7      84.6  11223.59   3640.82   1.00000 
  534406  13026.31  11217.42   3636.51    1327.7      84.6  11217.42   3636.51   1.00000 
  572578  13017.11  11210.80   3631.88    1327.7      84.6  11210.80   3631.88   1.00000 
  610750  13007.28  11203.72   3626.93    1327.7      84.6  11203.72   3626.93   1.00000 
  648922  12996.81  11196.18   3621.66    1327.7      84.6  11196.18   3621.66   1.00000 
  687094  12985.70  11188.18   3616.07    1327.7      84.6  11188.18   3616.07   1.00000 
  725266  12973.97  11179.73   3610.16    1327.7      84.6  11179.73   3610.16   1.00000 
  763438  12961.59  11170.82   3603.94    1327.7      84.6  11170.82   3603.94   1.00000 
  801609  12948.58  11161.45   3597.39    1327.7      84.6  11161.45   3597.39   1.00000 
  839781  12934.94  11151.63   3590.53    1327.7      84.6  11151.63   3590.53   1.00000 
  877953  12920.66  11141.35   3583.34    1327.7      84.6  11141.35   3583.34   1.00000 
  916125  12905.75  11130.61   3575.84    1327.7      84.6  11130.61   3575.84   1.00000 
  954297  12890.21  11119.42   3568.01    1327.7      84.6  11119.42   3568.01   1.00000 
  992469  12874.02  11107.76   3559.87    1327.7      84.6  11107.76   3559.87   1.00000 
 1030641  12857.21  11095.66   3551.41    1327.7      84.6  11095.66   3551.41   1.00000 
 1068812  12839.76  11083.09   3542.63    1327.7      84.6  11083.09   3542.63   1.00000 
 1106984  12821.67  11070.07   3533.53    1327.7      84.6  11070.07   3533.53   1.00000 
 1145156  12802.96  11056.59   3524.11    1327.7      84.6  11056.59   3524.11   1.00000 
 1183328  12783.60  11042.65   3514.37    1327.7      84.6  11042.65   3514.37   1.00000 
 1221500  12763.61  11028.26   3504.31    1327.7      84.6  11028.26   3504.31   1.00000 
 1221500  12166.33  10355.72      0.00   57823.0       0.0  10355.72      0.00   1.00000 
 1292078  12129.26  10314.43      0.00   57823.0       0.0  10314.43      0.00   1.00000 
 1362656  12090.47  10272.30      0.00   57823.0       0.0  10272.30      0.00   1.00000 
 1433234  12049.91  10229.21      0.00   57823.0       0.0  10229.21      0.00   1.00000 
 1503812  12007.54  10185.05      0.00   57823.0       0.0  10185.05      0.00   1.00000 
 1574391  11963.32  10139.71      0.00   57823.0       0.0  10139.71      0.00   1.00000 
 1644969  11917.20  10093.08      0.00   57823.0       0.0  10093.08      0.00   1.00000 
 1715547  11869.14  10045.05      0.00   57823.0       0.0  10045.05      0.00   1.00000 
 1786125  11819.08   9995.51      0.00   57823.0       0.0   9995.51      0.00   1.00000 
 1856703  11766.99   9944.34      0.00   57823.0       0.0   9944.34      0.00   1.00000 
 1927281  11712.82   9891.43      0.00   57823.0       0.0   9891.43      0.00   1.00000 
 1997859  11656.52   9836.69      0.00   57823.0       0.0   9836.69      0.00   1.00000 
 2068438  11598.05   9779.98      0.00   57823.0       0.0   9779.98      0.00   1.00000 
 2139016  11537.37   9721.22      0.00   57823.0       0.0   9721.22      0.00   1.00000 
 2209594  11474.42   9660.27      0.00   57823.0       0.0   9660.27      0.00   1.00000 
 2280172  11409.17   9597.04      0.00   57823.0       0.0   9597.04      0.00   1.00000 
 2350750  11341.57   9531.41      0.00   57823.0       0.0   9531.41      0.00   1.00000 
 2421328  11271.58   9463.27      0.00   57823.0       0.0   9463.27      0.00   1.00000 
 2491906  11199.14   9392.50      0.00   57823.0       0.0   9392.50      0.00   1.00000 
 2562484  11124.21   9319.01      0.00   57823.0       0.0   9319.01      0.00   1.00000 
 2633062  11046.76   9242.68      0.00   57823.0       0.0   9242.68      0.00   1.00000 
 2703641  10966.73   9163.40      0.00   57823.0       0.0   9163.40      0.00   1.00000 
 2774219  10884.07   9081.05      0.00   57823.0       0.0   9081.05      0.00   1.00000 
 2844797  10798.75   8995.53      0.00   57823.0       0.0   8995.53      0.00   1.00000 
 2915375  10710.72   8906.73      0.00   57823.0       0.0   8906.73      0.00   1.00000 
 2985953  10619.93   8814.53      0.00   57823.0       0.0   8814.53      0.00   1.00000 
 3056531  10526.34   8718.83      0.00   57823.0       0.0   8718.83      0.00   1.00000 
 3127109  10429.91   8619.51      0.00   57823.0       0.0   8619.51      0.00   1.00000 
 3197688  10330.58   8516.46      0.00   57823.0       0.0   8516.46      0.00   1.00000 
 3268266  10228.31   8409.58      0.00   57823.0       0.0   8409.58      0.00   1.00000 
 3338844  10123.06   8298.74      0.00   57823.0       0.0   8298.74      0.00   1.00000 
 3409422  10014.79   8183.85      0.00   57823.0       0.0   8183.85      0.00   1.00000 
 3480000   9903.44   8064.79      0.00   57823.0       0.0   8064.79      0.00   1.00000 
 3480000   5506.76  14094.04   7294.18   57823.0     312.0  14094.04   7294.18   1.00000 
 3517500   5489.33  14050.98   7280.21   57823.0     312.0  14050.98   7280.21   1.00000 
 3555000   5471.92  14007.86   7266.15   57823.0     312.0  14007.86   7266.15   1.00000 
 3592500   5454.38  13964.30   7251.89   57823.0     312.0  13964.30   7251.89   1.00000 
 3630000   5436.90  13920.79   7237.58   57823.0     312.0  13920.79   7237.58   1.00000 
 3630000   5436.90  13920.79   7237.58   57823.0     312.0  13920.79   7237.58   1.00000 
 3666482   5419.98  13878.58   7223.65   57823.0     312.0  13878.58   7223.65   1.00000 
 3702963   5402.96  13836.03   7209.54   57823.0     312.0  13836.03   7209.54   1.00000 
 3739444   5386.07  13793.68   7195.44   57823.0     312.0  13793.68   7195.44   1.00000 
 3775926   5369.05  13750.93   7181.14   57823.0     312.0  13750.93   7181.14   1.00000 
 3812407   5352.01  13708.00   7166.73   57823.0     312.0  13708.00   7166.73   1.00000 
 3848889   5335.04  13665.15   7152.29   57823.0     312.0  13665.15   7152.29   1.00000 
 3885370   5317.94  13621.88   7137.65   57823.0     312.0  13621.88   7137.65   1.00000 
 3921852   5300.88  13578.59   7122.94   57823.0     312.0  13578.59   7122.94   1.00000 
 3958333   5283.80  13535.16   7108.13   57823.0     312.0  13535.16   7108.13   1.00000 
 3994815   5266.59  13491.28   7093.10   57823.0     312.0  13491.28   7093.10   1.00000 
 4031296   5249.48  13447.54   7078.06   57823.0     312.0  13447.54   7078.06   1.00000 
 4067778   5232.27  13403.44   7062.83   57823.0     312.0  13403.44   7062.83   1.00000 
 4104259   5214.95  13358.95   7047.41   57823.0     312.0  13358.95   7047.41   1.00000 
 4140741   5197.71  13314.57   7031.97   57823.0     312.0  13314.57   7031.97   1.00000 
 4177222   5180.34  13269.71   7016.30   57823.0     312.0  13269.71   7016.30   1.00000 
 4213704   5162.91  13224.61   7000.49   57823.0     312.0  13224.61   7000.49   1.00000 
 4250185   5145.49  13179.41   6984.58   57823.0     312.0  13179.41   6984.58   1.00000 
 4286667   5127.93  13133.71   6968.43   57823.0     312.0  13133.71   6968.43   1.00000 
 4323148   5110.36  13087.89   6952.17   57823.0     312.0  13087.89   6952.17   1.00000 
 4359630   5092.74  13041.78   6935.75   57823.0     312.0  13041.78   6935.75   1.00000 
 4396111   5074.96  12995.15   6919.09   57823.0     312.0  12995.15   6919.09   1.00000 
 4432593   5057.22  12948.51   6902.35   57823.0     312.0  12948.51   6902.35   1.00000 
 4469074   5039.36  12901.41   6885.38   57823.0     312.0  12901.41   6885.38   1.00000 
 4505556   5021.37  12853.84   6868.18   57823.0     312.0  12853.84   6868.18   1.00000 
 4542037   5003.41  12806.20   6850.89   57823.0     312.0  12806.20   6850.89   1.00000 
 4578518   4985.28  12758.00   6833.33   57823.0     312.0  12758.00   6833.33   1.00000 
 4615000   4967.08  12709.45   6815.57   57823.0     312.0  12709.45   6815.57   1.00000 
 4651482   4948.83  12660.64   6797.66   57823.0     312.0  12660.64   6797.66   1.00000 
 4687963   4930.41  12611.24   6779.45   57823.0     312.0  12611.24   6779.45   1.00000 
 4724444   4911.96  12561.60   6761.09   57823.0     312.0  12561.60   6761.09   1.00000 
 4760926   4893.40  12511.53   6742.50   57823.0     312.0  12511.53   6742.50   1.00000 
 4797407   4874.67  12460.82   6723.60   57823.0     312.0  12460.82   6723.60   1.00000 
 4833889   4855.94  12409.98   6704.58   57823.0     312.0  12409.98   6704.58   1.00000 
 4870370   4837.04  12358.52   6685.25   57823.0     312.0  12358.52   6685.25   1.00000 
 4906852   4817.99  12306.48   6665.63   57823.0     312.0  12306.48   6665.63   1.00000 
 4943333   4798.92  12254.22   6645.86   57823.0     312.0  12254.22   6645.86   1.00000 
 4979815   4779.65  12201.24   6625.74   57823.0     312.0  12201.24   6625.74   1.00000 
 5016296   4760.28  12147.79   6605.36   57823.0     312.0  12147.79   6605.36   1.00000 
 5052778   4740.81  12093.92   6584.74   57823.0     312.0  12093.92   6584.74   1.00000 
 5089259   4721.14  12039.29   6563.75   57823.0     312.0  12039.29   6563.75   1.00000 
 5125741   4701.41  11984.30   6542.55   57823.0     312.0  11984.30   6542.55   1.00000 
 5162222   4681.52  11928.68   6521.02   57823.0     312.0  11928.68   6521.02   1.00000 
 5198704   4661.40  11872.23   6499.08   57823.0     312.0  11872.23   6499.08   1.00000 
 5235185   4641.27  11815.54   6476.97   57823.0     312.0  11815.54   6476.97   1.00000 
 5271667   4620.91  11758.00   6454.44   57823.0     312.0  11758.00   6454.44   1.00000 
 5308148   4600.37  11699.71   6431.52   57823.0     312.0  11699.71   6431.52   1.00000 
 5344630   4579.75  11641.01   6408.36   57823.0     312.0  11641.01   6408.36   1.00000 
 5381111   4558.89  11581.36   6384.73   57823.0     312.0  11581.36   6384.73   1.00000 
 5417593   4537.88  11521.06   6360.75   57823.0     312.0  11521.06   6360.75   1.00000 
 5454074   4516.73  11460.11   6336.41   57823.0     312.0  11460.11   6336.41   1.00000 
 5490556   4495.30  11398.11   6311.57   57823.0     312.0  11398.11   6311.57   1.00000 
 5527037   4473.79  11335.59   6286.41   57823.0     312.0  11335.59   6286.41   1.00000 
 5563518   4452.05  11272.15   6260.78   57823.0     312.0  11272.15   6260.78   1.00000 
 5600000   4430.01  11207.56   6234.58   57823.0     312.0  11207.56   6234.58   1.00000 
 5600000   4430.01  11207.56   6234.58   57823.0     312.0  11207.56   6234.58   1.00000 
 5633667   4409.58  11147.43   6210.10   57823.0     312.0  11147.43   6210.10   1.00000 
 5667333   4388.96  11086.46   6185.18   57823.0     312.0  11086.46   6185.18   1.00000 
 5701000   4380.74  10751.32   5945.13   57823.0     312.0  10751.32   5945.13   1.00000 
 5701000   3992.12  10266.17   5570.21   57823.0     143.0  10266.17   5570.21   1.00000 
 5771000   3975.82  10157.76   5516.02   57823.0     143.0  10157.76   5516.02   1.00000 
 5771000   3975.82  10157.83   5515.93   57823.0     143.0  10157.43   5515.93   1.00000 
 5804333   3933.81   9987.17   5418.69   57823.0     143.0   9986.77   5418.69   1.00000 
 5837667   3891.80   9816.52   5321.45   57823.0     143.0   9816.12   5321.45   1.00000 
 5871000   3849.78   9645.87   5224.21   57823.0     143.0   9645.47   5224.21   1.00000 
 5904333   3807.77   9475.22   5126.97   57823.0     143.0   9474.82   5126.97   1.00000 
 5937667   3765.76   9304.57   5029.73   57823.0     143.0   9304.17   5029.73   1.00000 
 5971000   3723.75   9133.92   4932.49   57823.0     143.0   9133.52   4932.49   1.00000 
 5971000   3543.26   8905.24   4769.90   57823.0     143.0   8905.24   4769.90   1.00000 
 5993500   3529.83   8861.96   4754.15   57823.0     143.0   8861.96   4754.15   1.00000 
 6016000   3516.39   8818.67   4738.40   57823.0     143.0   8818.67   4738.40   1.00000 
 6038500   3502.96   8775.38   4722.65   57823.0     143.0   8775.38   4722.65   1.00000 
 6061000   3489.52   8732.10   4706.90   57823.0     143.0   8732.10   4706.90   1.00000 
 6083500   3476.08   8688.81   4691.15   57823.0     143.0   8688.81   4691.15   1.00000 
 6106000   3462.65   8645.52   4675.40   57823.0     143.0   8645.52   4675.40   1.00000 
 6128500   3449.21   8602.24   4659.65   57823.0     143.0   8602.24   4659.65   1.00000 
 6151000   3435.77   8558.95   4643.90   57823.0     143.0   8558.95   4643.90   1.00000 
 6151000   3359.49   7800.45   4441.09   57823.0      80.0   8048.56   4436.26   0.97646 
 6179000   3362.53   7832.17   4434.63   57823.0      80.0   8068.85   4461.39   0.96557 
 6207000   3365.58   7863.90   4428.18   57823.0      80.0   8089.15   4486.52   0.95468 
 6235000   3368.62   7895.62   4421.73   57823.0      80.0   8109.44   4511.65   0.94379 
 6263000   3371.66   7927.34   4415.28   57823.0      80.0   8129.73   4536.78   0.93290 
 6291000   3374.71   7959.06   4408.83   57823.0      80.0   8150.02   4561.90   0.92201 
 6291000   3374.71   7959.06   4408.83   57823.0     600.0   8150.02   4561.99   0.92201 
 6318800   3377.73   7990.56   4402.43   57823.0     600.0   8170.17   4586.94   0.91120 
 6346600   3380.75   8022.06   4396.02   57823.0     600.0   8190.32   4611.89   0.90039 
 6346600   2900.00   6800.00   3900.00   57823.0     600.0   6800.00   3900.00   1.00000 
 6347000   2900.00   6800.00   3900.00   57823.0     600.0   6800.00   3900.00   1.00000 
 6348000   2900.00   6800.00   3900.00   57823.0     600.0   6800.00   3900.00   1.00000 
 6349000   2900.00   6800.00   3900.00   57823.0     600.0   6800.00   3900.00   1.00000 
 6350000   2900.00   6800.00   3900.00   57823.0     600.0   6800.00   3900.00   1.00000 
 6351000   2900.00   6800.00   3900.00   57823.0     600.0   6800.00   3900.00   1.00000 
 6352000   2900.00   6800.00   3900.00   57823.0     600.0   6800.00   3900.00   1.00000 
 6353000   2900.00   6800.00   3900.00   57823.0     600.0   6800.00   3900.00   1.00000 
 6354000   2900.00   6800.00   3900.00   57823.0     600.0   6800.00   3900.00   1.00000 
 6355000   2900.00   6800.00   3900.00   57823.0     600.0   6800.00   3900.00   1.00000 
 6356000   2900.00   6800.00   3900.00   57823.0     600.0   6800.00   3900.00   1.00000 
 6356000   2600.00   5800.00   3200.00   57823.0     600.0   5800.00   3200.00   1.00000 
 6357000   2600.00   5800.00   3200.00   57823.0     600.0   5800.00   3200.00   1.00000 
 6358000   2600.00   5800.00   3200.00   57823.0     600.0   5800.00   3200.00   1.00000 
 6359000   2600.00   5800.00   3200.00   57823.0     600.0   5800.00   3200.00   1.00000 
 6360000   2600.00   5800.00   3200.00   57823.0     600.0   5800.00   3200.00   1.00000 
 6361000   2600.00   5800.00   3200.00   57823.0     600.0   5800.00   3200.00   1.00000 
 6362000   2600.00   5800.00   3200.00   57823.0     600.0   5800.00   3200.00   1.00000 
 6363000   2600.00   5800.00   3200.00   57823.0     600.0   5800.00   3200.00   1.00000 
 6364000   2600.00   5800.00   3200.00   57823.0     600.0   5800.00   3200.00   1.00000 
 6365000   2600.00   5800.00   3200.00   57823.0     600.0   5800.00   3200.00   1.00000 
 6366000   2600.00   5800.00   3200.00   57823.0     600.0   5800.00   3200.00   1.00000 
 6367000   2600.00   5800.00   3200.00   57823.0     600.0   5800.00   3200.00   1.00000 
 6368000   2600.00   5800.00   3200.00   57823.0     600.0   5800.00   3200.00   1.00000 
 6368000   2600.00   5800.00   3200.00   57823.0     600.0   5800.00   3200.00   1.00000 
 6369000   2600.00   5800.00   3200.00   57823.0     600.0   5800.00   3200.00   1.00000 
 6370000   2600.00   5800.00   3200.00   57823.0     600.0   5800.00   3200.00   1.00000 
 6371000   2600.00   5800.00   3200.00   57823.0     600.0   5800.00   3200.00   1.00000 
