  PREM NO OCEAN MODEL: (    0.0000    0.000) anisotropic case +  pyrolite         ref per =   1.0 secs


  level    radius        rho         vpv         vph         vsv         vsh         eta         qmu         qkap

     1         0.0    13088.50    11262.20    11262.20     3667.80     3667.80     1.00000       84.60     1327.70
     2     38172.0    13088.18    11261.97    11261.97     3667.64     3667.64     1.00000       84.60     1327.70
     3     76344.0    13087.23    11261.29    11261.29     3667.16     3667.16     1.00000       84.60     1327.70
     4    114516.0    13085.64    11260.14    11260.14     3666.36     3666.36     1.00000       84.60     1327.70
     5    152688.0    13083.42    11258.54    11258.54     3665.25     3665.25     1.00000       84.60     1327.70
     6    190859.0    13080.57    11256.49    11256.49     3663.81     3663.81     1.00000       84.60     1327.70
     7    229031.0    13077.08    11253.98    11253.98     3662.05     3662.05     1.00000       84.60     1327.70
     8    267203.0    13072.95    11251.01    11251.01     3659.98     3659.98     1.00000       84.60     1327.70
     9    305375.0    13068.19    11247.58    11247.58     3657.58     3657.58     1.00000       84.60     1327.70
    10    343547.0    13062.80    11243.70    11243.70     3654.87     3654.87     1.00000       84.60     1327.70
    11    381719.0    13056.77    11239.35    11239.35     3651.83     3651.83     1.00000       84.60     1327.70
    12    419891.0    13050.11    11234.56    11234.56     3648.48     3648.48     1.00000       84.60     1327.70
    13    458062.0    13042.81    11229.30    11229.30     3644.81     3644.81     1.00000       84.60     1327.70
    14    496234.0    13034.88    11223.59    11223.59     3640.82     3640.82     1.00000       84.60     1327.70
    15    534406.0    13026.31    11217.42    11217.42     3636.51     3636.51     1.00000       84.60     1327.70
    16    572578.0    13017.11    11210.80    11210.80     3631.88     3631.88     1.00000       84.60     1327.70
    17    610750.0    13007.28    11203.72    11203.72     3626.93     3626.93     1.00000       84.60     1327.70
    18    648922.0    12996.81    11196.18    11196.18     3621.66     3621.66     1.00000       84.60     1327.70
    19    687094.0    12985.70    11188.18    11188.18     3616.07     3616.07     1.00000       84.60     1327.70
    20    725266.0    12973.97    11179.73    11179.73     3610.16     3610.16     1.00000       84.60     1327.70
    21    763438.0    12961.59    11170.82    11170.82     3603.94     3603.94     1.00000       84.60     1327.70
    22    801609.0    12948.58    11161.45    11161.45     3597.39     3597.39     1.00000       84.60     1327.70
    23    839781.0    12934.94    11151.63    11151.63     3590.53     3590.53     1.00000       84.60     1327.70
    24    877953.0    12920.66    11141.35    11141.35     3583.34     3583.34     1.00000       84.60     1327.70
    25    916125.0    12905.75    11130.61    11130.61     3575.84     3575.84     1.00000       84.60     1327.70
    26    954297.0    12890.21    11119.42    11119.42     3568.01     3568.01     1.00000       84.60     1327.70
    27    992469.0    12874.02    11107.76    11107.76     3559.87     3559.87     1.00000       84.60     1327.70
    28   1030641.0    12857.21    11095.66    11095.66     3551.41     3551.41     1.00000       84.60     1327.70
    29   1068812.0    12839.76    11083.09    11083.09     3542.63     3542.63     1.00000       84.60     1327.70
    30   1106984.0    12821.67    11070.07    11070.07     3533.53     3533.53     1.00000       84.60     1327.70
    31   1145156.0    12802.96    11056.59    11056.59     3524.11     3524.11     1.00000       84.60     1327.70
    32   1183328.0    12783.60    11042.65    11042.65     3514.37     3514.37     1.00000       84.60     1327.70
    33   1221500.0    12763.61    11028.26    11028.26     3504.31     3504.31     1.00000       84.60     1327.70
    34   1221500.0    12166.33    10355.72    10355.72        0.00        0.00     1.00000        0.00    57823.00
    35   1292078.0    12129.26    10314.43    10314.43        0.00        0.00     1.00000        0.00    57823.00
    36   1362656.0    12090.47    10272.30    10272.30        0.00        0.00     1.00000        0.00    57823.00
    37   1433234.0    12049.91    10229.21    10229.21        0.00        0.00     1.00000        0.00    57823.00
    38   1503812.0    12007.54    10185.05    10185.05        0.00        0.00     1.00000        0.00    57823.00
    39   1574391.0    11963.32    10139.71    10139.71        0.00        0.00     1.00000        0.00    57823.00
    40   1644969.0    11917.20    10093.08    10093.08        0.00        0.00     1.00000        0.00    57823.00
    41   1715547.0    11869.14    10045.05    10045.05        0.00        0.00     1.00000        0.00    57823.00
    42   1786125.0    11819.08     9995.51     9995.51        0.00        0.00     1.00000        0.00    57823.00
    43   1856703.0    11766.99     9944.34     9944.34        0.00        0.00     1.00000        0.00    57823.00
    44   1927281.0    11712.82     9891.43     9891.43        0.00        0.00     1.00000        0.00    57823.00
    45   1997859.0    11656.52     9836.69     9836.69        0.00        0.00     1.00000        0.00    57823.00
    46   2068438.0    11598.05     9779.98     9779.98        0.00        0.00     1.00000        0.00    57823.00
    47   2139016.0    11537.37     9721.22     9721.22        0.00        0.00     1.00000        0.00    57823.00
    48   2209594.0    11474.42     9660.27     9660.27        0.00        0.00     1.00000        0.00    57823.00
    49   2280172.0    11409.17     9597.04     9597.04        0.00        0.00     1.00000        0.00    57823.00
    50   2350750.0    11341.57     9531.41     9531.41        0.00        0.00     1.00000        0.00    57823.00
    51   2421328.0    11271.58     9463.27     9463.27        0.00        0.00     1.00000        0.00    57823.00
    52   2491906.0    11199.14     9392.50     9392.50        0.00        0.00     1.00000        0.00    57823.00
    53   2562484.0    11124.21     9319.01     9319.01        0.00        0.00     1.00000        0.00    57823.00
    54   2633062.0    11046.76     9242.68     9242.68        0.00        0.00     1.00000        0.00    57823.00
    55   2703641.0    10966.73     9163.40     9163.40        0.00        0.00     1.00000        0.00    57823.00
    56   2774219.0    10884.07     9081.05     9081.05        0.00        0.00     1.00000        0.00    57823.00
    57   2844797.0    10798.75     8995.53     8995.53        0.00        0.00     1.00000        0.00    57823.00
    58   2915375.0    10710.72     8906.73     8906.73        0.00        0.00     1.00000        0.00    57823.00
    59   2985953.0    10619.93     8814.53     8814.53        0.00        0.00     1.00000        0.00    57823.00
    60   3056531.0    10526.34     8718.83     8718.83        0.00        0.00     1.00000        0.00    57823.00
    61   3127109.0    10429.91     8619.51     8619.51        0.00        0.00     1.00000        0.00    57823.00
    62   3197688.0    10330.58     8516.46     8516.46        0.00        0.00     1.00000        0.00    57823.00
    63   3268266.0    10228.31     8409.58     8409.58        0.00        0.00     1.00000        0.00    57823.00
    64   3338844.0    10123.06     8298.74     8298.74        0.00        0.00     1.00000        0.00    57823.00
    65   3409422.0    10014.79     8183.85     8183.85        0.00        0.00     1.00000        0.00    57823.00
    66   3480000.0     9903.44     8064.79     8064.79        0.00        0.00     1.00000        0.00    57823.00
    67   3480000.0     5506.76    14094.04    14094.04     7294.18     7294.18     1.00000      312.00    57823.00
    68   3517500.0     5489.33    14050.98    14050.98     7280.21     7280.21     1.00000      312.00    57823.00
    69   3555000.0     5471.92    14007.86    14007.86     7266.15     7266.15     1.00000      312.00    57823.00
    70   3592500.0     5454.38    13964.30    13964.30     7251.89     7251.89     1.00000      312.00    57823.00
    71   3630000.0     5436.90    13920.79    13920.79     7237.58     7237.58     1.00000      312.00    57823.00
    72   3630000.0     5436.90    13920.79    13920.79     7237.58     7237.58     1.00000      312.00    57823.00
    73   3666482.0     5419.98    13878.58    13878.58     7223.65     7223.65     1.00000      312.00    57823.00
    74   3702963.0     5402.96    13836.03    13836.03     7209.54     7209.54     1.00000      312.00    57823.00
    75   3739444.0     5386.07    13793.68    13793.68     7195.44     7195.44     1.00000      312.00    57823.00
    76   3775926.0     5369.05    13750.93    13750.93     7181.14     7181.14     1.00000      312.00    57823.00
    77   3812407.0     5352.01    13708.00    13708.00     7166.73     7166.73     1.00000      312.00    57823.00
    78   3848889.0     5335.04    13665.15    13665.15     7152.29     7152.29     1.00000      312.00    57823.00
    79   3885370.0     5317.94    13621.88    13621.88     7137.65     7137.65     1.00000      312.00    57823.00
    80   3921852.0     5300.88    13578.59    13578.59     7122.94     7122.94     1.00000      312.00    57823.00
    81   3958333.0     5283.80    13535.16    13535.16     7108.13     7108.13     1.00000      312.00    57823.00
    82   3994815.0     5266.59    13491.28    13491.28     7093.10     7093.10     1.00000      312.00    57823.00
    83   4031296.0     5249.48    13447.54    13447.54     7078.06     7078.06     1.00000      312.00    57823.00
    84   4067778.0     5232.27    13403.44    13403.44     7062.83     7062.83     1.00000      312.00    57823.00
    85   4104259.0     5214.95    13358.95    13358.95     7047.41     7047.41     1.00000      312.00    57823.00
    86   4140741.0     5197.71    13314.57    13314.57     7031.97     7031.97     1.00000      312.00    57823.00
    87   4177222.0     5180.34    13269.71    13269.71     7016.30     7016.30     1.00000      312.00    57823.00
    88   4213704.0     5162.91    13224.61    13224.61     7000.49     7000.49     1.00000      312.00    57823.00
    89   4250185.0     5145.49    13179.41    13179.41     6984.58     6984.58     1.00000      312.00    57823.00
    90   4286667.0     5127.93    13133.71    13133.71     6968.43     6968.43     1.00000      312.00    57823.00
    91   4323148.0     5110.36    13087.89    13087.89     6952.17     6952.17     1.00000      312.00    57823.00
    92   4359630.0     5092.74    13041.78    13041.78     6935.75     6935.75     1.00000      312.00    57823.00
    93   4396111.0     5074.96    12995.15    12995.15     6919.09     6919.09     1.00000      312.00    57823.00
    94   4432593.0     5057.22    12948.51    12948.51     6902.35     6902.35     1.00000      312.00    57823.00
    95   4469074.0     5039.36    12901.41    12901.41     6885.38     6885.38     1.00000      312.00    57823.00
    96   4505556.0     5021.37    12853.84    12853.84     6868.18     6868.18     1.00000      312.00    57823.00
    97   4542037.0     5003.41    12806.20    12806.20     6850.89     6850.89     1.00000      312.00    57823.00
    98   4578518.0     4985.28    12758.00    12758.00     6833.33     6833.33     1.00000      312.00    57823.00
    99   4615000.0     4967.08    12709.45    12709.45     6815.57     6815.57     1.00000      312.00    57823.00
   100   4651482.0     4948.83    12660.64    12660.64     6797.66     6797.66     1.00000      312.00    57823.00
   101   4687963.0     4930.41    12611.24    12611.24     6779.45     6779.45     1.00000      312.00    57823.00
   102   4724444.0     4911.96    12561.60    12561.60     6761.09     6761.09     1.00000      312.00    57823.00
   103   4760926.0     4893.40    12511.53    12511.53     6742.50     6742.50     1.00000      312.00    57823.00
   104   4797407.0     4874.67    12460.82    12460.82     6723.60     6723.60     1.00000      312.00    57823.00
   105   4833889.0     4855.94    12409.98    12409.98     6704.58     6704.58     1.00000      312.00    57823.00
   106   4870370.0     4837.04    12358.52    12358.52     6685.25     6685.25     1.00000      312.00    57823.00
   107   4906852.0     4817.99    12306.48    12306.48     6665.63     6665.63     1.00000      312.00    57823.00
   108   4943333.0     4798.92    12254.22    12254.22     6645.86     6645.86     1.00000      312.00    57823.00
   109   4979815.0     4779.65    12201.24    12201.24     6625.74     6625.74     1.00000      312.00    57823.00
   110   5016296.0     4760.28    12147.79    12147.79     6605.36     6605.36     1.00000      312.00    57823.00
   111   5052778.0     4740.81    12093.92    12093.92     6584.74     6584.74     1.00000      312.00    57823.00
   112   5089259.0     4721.14    12039.29    12039.29     6563.75     6563.75     1.00000      312.00    57823.00
   113   5125741.0     4701.41    11984.30    11984.30     6542.55     6542.55     1.00000      312.00    57823.00
   114   5162222.0     4681.52    11928.68    11928.68     6521.02     6521.02     1.00000      312.00    57823.00
   115   5198704.0     4661.40    11872.23    11872.23     6499.08     6499.08     1.00000      312.00    57823.00
   116   5235185.0     4641.27    11815.54    11815.54     6476.97     6476.97     1.00000      312.00    57823.00
   117   5271667.0     4620.91    11758.00    11758.00     6454.44     6454.44     1.00000      312.00    57823.00
   118   5308148.0     4600.37    11699.71    11699.71     6431.52     6431.52     1.00000      312.00    57823.00
   119   5344630.0     4579.75    11641.01    11641.01     6408.36     6408.36     1.00000      312.00    57823.00
   120   5381111.0     4558.89    11581.36    11581.36     6384.73     6384.73     1.00000      312.00    57823.00
   121   5417593.0     4537.88    11521.06    11521.06     6360.75     6360.75     1.00000      312.00    57823.00
   122   5454074.0     4516.73    11460.11    11460.11     6336.41     6336.41     1.00000      312.00    57823.00
   123   5490556.0     4495.30    11398.11    11398.11     6311.57     6311.57     1.00000      312.00    57823.00
   124   5527037.0     4473.79    11335.59    11335.59     6286.41     6286.41     1.00000      312.00    57823.00
   125   5563518.0     4452.05    11272.15    11272.15     6260.78     6260.78     1.00000      312.00    57823.00
   126   5600000.0     4430.01    11207.56    11207.56     6234.58     6234.58     1.00000      312.00    57823.00
   127   5600000.0     4430.01    11207.56    11207.56     6234.58     6234.58     1.00000      312.00    57823.00
   128   5633667.0     4409.58    11147.43    11147.43     6210.10     6210.10     1.00000      312.00    57823.00
   129   5667333.0     4388.96    11086.46    11086.46     6185.18     6185.18     1.00000      312.00    57823.00
   130   5701000.0     4380.74    10751.32    10751.32     5945.13     5945.13     1.00000      312.00    57823.00
   131   5701000.0     3992.12    10266.17    10266.17     5570.21     5570.21     1.00000      143.00    57823.00
   132   5771000.0     3975.82    10157.76    10157.76     5516.02     5516.02     1.00000      143.00    57823.00
   133   5771000.0     3975.82    10157.83    10157.43     5515.93     5515.93     1.00000      143.00    57823.00
   134   5804333.0     3933.81     9987.17     9986.77     5418.69     5418.69     1.00000      143.00    57823.00
   135   5837667.0     3891.80     9816.52     9816.12     5321.45     5321.45     1.00000      143.00    57823.00
   136   5871000.0     3849.78     9645.87     9645.47     5224.21     5224.21     1.00000      143.00    57823.00
   137   5904333.0     3807.77     9475.22     9474.82     5126.97     5126.97     1.00000      143.00    57823.00
   138   5937667.0     3765.76     9304.57     9304.17     5029.73     5029.73     1.00000      143.00    57823.00
   139   5971000.0     3723.75     9133.92     9133.52     4932.49     4932.49     1.00000      143.00    57823.00
   140   5971000.0     3543.26     8905.24     8905.24     4769.90     4769.90     1.00000      143.00    57823.00
   141   5993500.0     3529.83     8861.96     8861.96     4754.15     4754.15     1.00000      143.00    57823.00
   142   6016000.0     3516.39     8818.67     8818.67     4738.40     4738.40     1.00000      143.00    57823.00
   143   6038500.0     3502.96     8775.38     8775.38     4722.65     4722.65     1.00000      143.00    57823.00
   144   6061000.0     3489.52     8732.10     8732.10     4706.90     4706.90     1.00000      143.00    57823.00
   145   6083500.0     3476.08     8688.81     8688.81     4691.15     4691.15     1.00000      143.00    57823.00
   146   6106000.0     3462.65     8645.52     8645.52     4675.40     4675.40     1.00000      143.00    57823.00
   147   6128500.0     3449.21     8602.24     8602.24     4659.65     4659.65     1.00000      143.00    57823.00
   148   6151000.0     3435.77     8558.95     8558.95     4643.90     4643.90     1.00000      143.00    57823.00
   149   6151000.0     3359.49     7800.45     8048.56     4441.09     4436.26     0.97646       80.00    57823.00
   150   6179000.0     3362.53     7832.17     8068.85     4434.63     4461.39     0.96557       80.00    57823.00
   151   6207000.0     3365.58     7863.90     8089.15     4428.18     4486.52     0.95468       80.00    57823.00
   152   6235000.0     3368.62     7895.62     8109.44     4421.73     4511.65     0.94379       80.00    57823.00
   153   6263000.0     3371.66     7927.34     8129.73     4415.28     4536.78     0.93290       80.00    57823.00
   154   6291000.0     3374.71     7959.06     8150.02     4408.83     4561.90     0.92201       80.00    57823.00
   155   6291000.0     3374.71     7959.06     8150.02     4408.83     4561.99     0.92201      600.00    57823.00
   156   6318800.0     3377.73     7990.56     8170.17     4402.43     4586.94     0.91120      600.00    57823.00
   157   6346600.0     3380.75     8022.06     8190.32     4396.02     4611.89     0.90039      600.00    57823.00
   158   6346600.0     2900.00     6800.00     6800.00     3900.00     3900.00     1.00000      600.00    57823.00
   159   6347000.0     2900.00     6800.00     6800.00     3900.00     3900.00     1.00000      600.00    57823.00
   160   6348000.0     2900.00     6800.00     6800.00     3900.00     3900.00     1.00000      600.00    57823.00
   161   6349000.0     2900.00     6800.00     6800.00     3900.00     3900.00     1.00000      600.00    57823.00
   162   6350000.0     2900.00     6800.00     6800.00     3900.00     3900.00     1.00000      600.00    57823.00
   163   6351000.0     2900.00     6800.00     6800.00     3900.00     3900.00     1.00000      600.00    57823.00
   164   6352000.0     2900.00     6800.00     6800.00     3900.00     3900.00     1.00000      600.00    57823.00
   165   6353000.0     2900.00     6800.00     6800.00     3900.00     3900.00     1.00000      600.00    57823.00
   166   6354000.0     2900.00     6800.00     6800.00     3900.00     3900.00     1.00000      600.00    57823.00
   167   6355000.0     2900.00     6800.00     6800.00     3900.00     3900.00     1.00000      600.00    57823.00
   168   6356000.0     2900.00     6800.00     6800.00     3900.00     3900.00     1.00000      600.00    57823.00
   169   6356000.0     2600.00     5800.00     5800.00     3200.00     3200.00     1.00000      600.00    57823.00
   170   6357000.0     2600.00     5800.00     5800.00     3200.00     3200.00     1.00000      600.00    57823.00
   171   6358000.0     2600.00     5800.00     5800.00     3200.00     3200.00     1.00000      600.00    57823.00
   172   6359000.0     2600.00     5800.00     5800.00     3200.00     3200.00     1.00000      600.00    57823.00
   173   6360000.0     2600.00     5800.00     5800.00     3200.00     3200.00     1.00000      600.00    57823.00
   174   6361000.0     2600.00     5800.00     5800.00     3200.00     3200.00     1.00000      600.00    57823.00
   175   6362000.0     2600.00     5800.00     5800.00     3200.00     3200.00     1.00000      600.00    57823.00
   176   6363000.0     2600.00     5800.00     5800.00     3200.00     3200.00     1.00000      600.00    57823.00
   177   6364000.0     2600.00     5800.00     5800.00     3200.00     3200.00     1.00000      600.00    57823.00
   178   6365000.0     2600.00     5800.00     5800.00     3200.00     3200.00     1.00000      600.00    57823.00
   179   6366000.0     2600.00     5800.00     5800.00     3200.00     3200.00     1.00000      600.00    57823.00
   180   6367000.0     2600.00     5800.00     5800.00     3200.00     3200.00     1.00000      600.00    57823.00
   181   6368000.0     2600.00     5800.00     5800.00     3200.00     3200.00     1.00000      600.00    57823.00
   182   6368000.0     2600.00     5800.00     5800.00     3200.00     3200.00     1.00000      600.00    57823.00
   183   6369000.0     2600.00     5800.00     5800.00     3200.00     3200.00     1.00000      600.00    57823.00
   184   6370000.0     2600.00     5800.00     5800.00     3200.00     3200.00     1.00000      600.00    57823.00
   185   6371000.0     2600.00     5800.00     5800.00     3200.00     3200.00     1.00000      600.00    57823.00

integration precision =  0.1000E-09  root precision =  0.1000E-09  gravity cut off =  0.6283E-01 rad/s


      mode        phs vel       w(mhz)          t(secs)      grp vel(km/s)        q             raylquo

    0 t    2    6.061689       0.3785700        2641.520        9.165431        250.2012       0.8566227E-10
    0 t    3    6.694050       0.5852878        1708.561        7.603804        239.8351       0.3905790E-09
    0 t    4    6.801489       0.7645907        1307.889        6.789223        228.0781       0.3526191E-09
    0 t    5    6.747113       0.9270288        1078.715        6.227558        216.2781       0.5802858E-10
    0 t    6    6.635744        1.077496        928.0781        5.821451        205.3135       0.1115201E-09
    0 t    7    6.507538        1.219244        820.1806        5.523078        195.5384       0.4668264E-09
    0 t    8    6.379021        1.354520        738.2688        5.298609        186.9907       0.9024921E-08
    0 t    9    6.256770        1.484863        673.4629        5.124852        179.5783      -0.8621187E-09
    0 t   10    6.143064        1.611339        620.6020        4.986911        173.1732      -0.6522547E-09
    0 t   11    6.038349        1.734717        576.4630        4.875399        167.6471       0.5070988E-09
    0 t   12    5.942322        1.855576        538.9162        4.784230        162.8817       0.1010732E-08
    0 t   13    5.854397        1.974370        506.4908        4.709230        158.7715       0.1979341E-08
    0 t   14    5.773902        2.091462        478.1345        4.647346        155.2236       0.2645185E-08
    0 t   15    5.700165        2.207149        453.0732        4.596225        152.1574       0.1525877E-08
    0 t   16    5.632551        2.321676        430.7233        4.553987        149.5033      -0.3977873E-09
    0 t   17    5.570473        2.435245        410.6363        4.519101        147.2017       0.1520340E-08
    0 t   18    5.513394        2.548023        392.4612        4.490305        145.2017      -0.1449537E-08
    0 t   19    5.460830        2.660148        375.9189        4.466556        143.4605       0.2923282E-08
    0 t   20    5.412345        2.771736        360.7847        4.446988        141.9414      -0.1237042E-08
    0 t   21    5.367546        2.882881        346.8752        4.430884        140.6136      -0.1158034E-08
    0 t   22    5.326082        2.993663        334.0389        4.417650        139.4509       0.5316380E-08
    0 t   23    5.287638        3.104146        322.1498        4.406792        138.4311      -0.1001991E-08
    0 t   24    5.251933        3.214384        311.1016        4.397903        137.5354      -0.9609329E-09
    0 t   25    5.218715        3.324423        300.8041        4.390643        136.7478      -0.8699038E-09
    0 t   26    5.187758        3.434299        291.1802        4.384732        136.0547      -0.8484769E-09
    0 t   27    5.158859        3.544042        282.1637        4.379936        135.4444      -0.4221084E-09
    0 t   28    5.131839        3.653679        273.6967        4.376063        134.9069      -0.9126120E-09
    0 t   29    5.106533        3.763230        265.7292        4.372951        134.4337       0.1279414E-10
    0 t   30    5.082797        3.872711        258.2170        4.370467        134.0174       0.8531462E-10
    0 t   31    5.060498        3.982138        251.1214        4.368501        133.6516       0.4448468E-09
    0 t   32    5.039519        4.091522        244.4078        4.366959        133.3309       0.5169650E-09
    0 t   33    5.019752        4.200873        238.0458        4.365765        133.0504       0.1150206E-08
    0 t   34    5.001101        4.310198        232.0079        4.364854        132.8060       0.1236477E-08
    0 t   35    4.983479        4.419504        226.2697        4.364175        132.5941       0.1321702E-08
    0 t   36    4.966807        4.528795        220.8093        4.363681        132.4116       0.1590120E-08
    0 t   37    4.951014        4.638077        215.6066        4.363336        132.2557       0.1086361E-08
    0 t   38    4.936034        4.747352        210.6438        4.363109        132.1239       0.1978638E-08
    0 t   39    4.921808        4.856622        205.9044        4.362975        132.0142       0.1394270E-08
    0 t   40    4.908283        4.965891        201.3737        4.362912        131.9247       0.1466263E-08
    0 t   41    4.895409        5.075158        197.0382        4.362902        131.8537       0.7341660E-09
    0 t   42    4.883141        5.184427        192.8854        4.362931        131.7997       0.1824808E-08
    0 t   43    4.871438        5.293696        188.9039        4.362987        131.7615       0.1898209E-08
    0 t   44    4.860263        5.402967        185.0835        4.363060        131.7380       0.9899444E-09
    0 t   45    4.849581        5.512240        181.4144        4.363140        131.7280       0.2332024E-08
    0 t   46    4.839360        5.621516        177.8880        4.363223        131.7308       0.2415526E-08
    0 t   47    4.829571        5.730793        174.4959        4.363301        131.7454       0.1294266E-08
    0 t   48    4.820188        5.840072        171.2308        4.363370        131.7712       0.1347027E-08
    0 t   49    4.811184        5.949353        168.0855        4.363427        131.8075       0.1399557E-08
    0 t   50    4.802539        6.058635        165.0537        4.363469        131.8538      -0.4003020E-10
    0 t   51    4.794229        6.167917        162.1293        4.363494        131.9095      -0.3586387E-10
    0 t   52    4.786237        6.277200        159.3067        4.363498        131.9742      -0.2634421E-10
    0 t   53    4.778543        6.386483        156.5807        4.363482        132.0474      -0.2598264E-10
    0 t   54    4.771130        6.495765        153.9465        4.363444        132.1288      -0.1780283E-10
    0 t   55    4.763984        6.605045        151.3994        4.363383        132.2181      -0.2184627E-10
    0 t   56    4.757089        6.714324        148.9353        4.363299        132.3149      -0.1682200E-10
    0 t   57    4.750433        6.823600        146.5502        4.363191        132.4190      -0.1044558E-10
    0 t   58    4.744002        6.932873        144.2404        4.363059        132.5301      -0.2197131E-10
    0 t   59    4.737784        7.042141        142.0023        4.362903        132.6481      -0.1733427E-10
    0 t   60    4.731769        7.151406        139.8326        4.362723        132.7726      -0.3300814E-10
    0 t   61    4.725946        7.260665        137.7284        4.362519        132.9035      -0.3020648E-10
    0 t   62    4.720306        7.369919        135.6867        4.362290        133.0407      -0.2667904E-10
    0 t   63    4.714840        7.479166        133.7047        4.362039        133.1841      -0.2337723E-10
    0 t   64    4.709539        7.588407        131.7800        4.361763        133.3334      -0.4779620E-10
    0 t   65    4.704395        7.697640        129.9099        4.361465        133.4886      -0.5385144E-10
    0 t   66    4.699401        7.806865        128.0924        4.361144        133.6495      -0.5219860E-10
    0 t   67    4.694550        7.916081        126.3251        4.360800        133.8161      -0.8338120E-10
    0 t   68    4.689835        8.025289        124.6061        4.360433        133.9883      -0.8321767E-10
    0 t   69    4.685250        8.134486        122.9334        4.360045        134.1660      -0.8316792E-10
    0 t   70    4.680789        8.243673        121.3052        4.359635        134.3491      -0.8290177E-10
    0 t   71    4.676447        8.352849        119.7196        4.359203        134.5376      -0.8293408E-10
    0 t   72    4.672219        8.462014        118.1752        4.358750        134.7314      -0.7295611E-10
    0 t   73    4.668099        8.571166        116.6702        4.358276        134.9305      -0.7335865E-10
    0 t   74    4.664083        8.680306        115.2033        4.357781        135.1348      -0.7378285E-10
    0 t   75    4.660166        8.789433        113.7730        4.357266        135.3442      -0.7422338E-10
    0 t   76    4.656345        8.898547        112.3779        4.356731        135.5589      -0.7464230E-10
    0 t   77    4.652615        9.007646        111.0168        4.356176        135.7787      -0.7503734E-10
    0 t   78    4.648972        9.116731        109.6884        4.355600        136.0036      -0.7540136E-10
    0 t   79    4.645414        9.225801        108.3917        4.355006        136.2335      -0.7572506E-10
    0 t   80    4.641936        9.334855        107.1254        4.354391        136.4686      -0.7599837E-10
    0 t   81    4.638536        9.443893        105.8885        4.353758        136.7087      -0.7592731E-10
    0 t   82    4.635210        9.552915        104.6801        4.353105        136.9539      -0.7607951E-10
    0 t   83    4.631956        9.661919        103.4991        4.352434        137.2042      -0.7587704E-10
    0 t   84    4.628770        9.770906        102.3447        4.351743        137.4595      -0.7586923E-10
    0 t   85    4.625650        9.879875        101.2159        4.351034        137.7199      -0.7579332E-10
    0 t   86    4.622594        9.988825        100.1119        4.350306        137.9853      -0.7540665E-10
    0 t   87    4.619599        10.09776        99.03190        4.349560        138.2559      -0.7514264E-10
    1 t    2    21.12412        1.319263        757.9992        4.097914        256.0696      -0.3983006E-08
    1 t    3    16.44788        1.438105        695.3597        5.353215        252.5704      -0.3843634E-08
    1 t    4    14.09300        1.584268        631.2064        6.274512        249.3933      -0.3691265E-08
    1 t    5    12.72990        1.749042        571.7416        6.842584        246.0233      -0.3060181E-08
    1 t    6    11.84854        1.923936        519.7678        7.093509        241.9227      -0.2917856E-08
    1 t    7    11.21872        2.101924        475.7545        7.104841        237.0577      -0.2568371E-08
    1 t    8    10.72904        2.278203        438.9425        6.972534        231.9054      -0.2919985E-08
    1 t    9    10.32495        2.450327        408.1088        6.785135        227.0920      -0.2871617E-08
    1 t   10    9.979860        2.617739        382.0091        6.602325        223.0192      -0.2622690E-08
    1 t   11    9.680125        2.780938        359.5909        6.450065        219.7544      -0.2294264E-08
    1 t   12    9.417522        2.940757        340.0485        6.331096        217.1455      -0.2175952E-08
    1 t   13    9.186029        3.097948        322.7943        6.238241        214.9705      -0.1845423E-08
    1 t   14    8.980704        3.253051        307.4037        6.162713        213.0252      -0.1819427E-08
    1 t   15    8.797360        3.406408        293.5644        6.097379        211.1537      -0.1484947E-08
    1 t   16    8.632459        3.558205        281.0406        6.037322        209.2485      -0.1159383E-08
    1 t   17    8.483046        3.708535        269.6483        5.979455        207.2421      -0.9204674E-09
    1 t   18    8.346674        3.857427        259.2402        5.921973        205.0975      -0.6745290E-09
    1 t   19    8.221329        4.004877        249.6956        5.863916        202.7997      -0.1144245E-08
    1 t   20    8.105359        4.150865        240.9136        5.804853        200.3502      -0.2561554E-09
    1 t   21    7.997404        4.295365        232.8091        5.744690        197.7620      -0.1078767E-09
    1 t   22    7.896351        4.438349        225.3090        5.683547        195.0563      -0.9536297E-09
    1 t   23    7.801281        4.579798        218.3503        5.621680        192.2594      -0.9604662E-09
    1 t   24    7.711439        4.719696        211.8781        5.559428        189.4007      -0.9664540E-09
    1 t   25    7.626202        4.858039        205.8444        5.497180        186.5107      -0.1009459E-08
    1 t   26    7.545058        4.994833        200.2069        5.435351        183.6191      -0.1054242E-08
    1 t   27    7.467582        5.130093        194.9282        5.374352        180.7540      -0.1145112E-08
    1 t   28    7.393425        5.263844        189.9752        5.314582        177.9408       0.5461992E-09
    1 t   29    7.322297        5.396123        185.3182        5.256406        175.2015       0.2041776E-09
    1 t   30    7.253957        5.526973        180.9309        5.200149        172.5544      -0.5599226E-08
    1 t   31    7.188207        5.656446        176.7895        5.146084        170.0142      -0.5167118E-08
    1 t   32    7.124877        5.784599        172.8728        5.094432        167.5917      -0.4646989E-08
    1 t   33    7.063825        5.911494        169.1620        5.045359        165.2943      -0.4055336E-08
    1 t   34    7.004930        6.037198        165.6397        4.998975        163.1265      -0.3399676E-08
    1 t   35    6.948087        6.161779        162.2908        4.955341        161.0900      -0.2690627E-08
    1 t   36    6.893202        6.285305        159.1013        4.914472        159.1844      -0.1881314E-08
    1 t   37    6.840191        6.407846        156.0587        4.876342        157.4073       0.1579978E-07
    1 t   38    6.788980        6.529468        153.1518        4.840895        155.7552       0.1271413E-07
    1 t   39    6.739499        6.650238        150.3706        4.808044        154.2234       0.1234013E-07
    1 t   40    6.691681        6.770220        147.7057        4.777684        152.8064      -0.2916792E-08
    1 t   41    6.645466        6.889474        145.1490        4.749693        151.4983      -0.3036499E-08
    1 t   42    6.600794        7.008057        142.6929        4.723941        150.2931      -0.3181642E-08
    1 t   43    6.557609        7.126025        140.3307        4.700290        149.1844      -0.3200326E-08
    1 t   44    6.515857        7.243427        138.0562        4.678601        148.1660      -0.3266462E-08
    1 t   45    6.475484        7.360311        135.8638        4.658736        147.2320      -0.3356705E-08
    1 t   46    6.436439        7.476720        133.7485        4.640557        146.3764      -0.4240127E-08
    1 t   47    6.398672        7.592695        131.7055        4.623934        145.5935      -0.4741224E-08
    1 t   48    6.362135        7.708274        129.7307        4.608741        144.8782      -0.3514653E-08
    1 t   49    6.326781        7.823490        127.8202        4.594857        144.2252      -0.3562288E-08
    1 t   50    6.292565        7.938375        125.9704        4.582170        143.6299      -0.2635160E-08
    1 t   51    6.259442        8.052957        124.1780        4.570576        143.0879      -0.2650645E-08
    1 t   52    6.227370        8.167263        122.4400        4.559977        142.5950      -0.2705045E-08
    1 t   53    6.196308        8.281315        120.7538        4.550281        142.1473      -0.2712772E-08
    1 t   54    6.166215        8.395136        119.1166        4.541405        141.7414      -0.2717573E-08
    1 t   55    6.137054        8.508744        117.5262        4.533273        141.3738      -0.2719576E-08
    1 t   56    6.108788        8.622158        115.9802        4.525815        141.0414      -0.2719119E-08
    1 t   57    6.081380        8.735394        114.4768        4.518965        140.7415      -0.2713750E-08
    1 t   58    6.054797        8.848466        113.0139        4.512667        140.4714      -0.2708565E-08
    1 t   59    6.029006        8.961387        111.5899        4.506866        140.2286      -0.8680425E-09
    1 t   60    6.003976        9.074169        110.2029        4.501515        140.0109      -0.2685728E-08
    1 t   61    5.979676        9.186822        108.8516        4.496569        139.8162      -0.2728568E-08
    1 t   62    5.956078        9.299357        107.5343        4.491989        139.6424      -0.2734327E-08
    1 t   63    5.933153        9.411781        106.2498        4.487740        139.4879      -0.2734383E-08
    1 t   64    5.910876        9.524103        104.9968        4.483788        139.3510      -0.2125936E-08
    1 t   65    5.889221        9.636330        103.7740        4.480106        139.2300      -0.2119088E-08
    1 t   66    5.868163        9.748467        102.5802        4.476667        139.1236      -0.2110812E-08
    1 t   67    5.847680        9.860522        101.4145        4.473447        139.0305      -0.2101658E-08
    1 t   68    5.827750        9.972499        100.2758        4.470425        138.9493      -0.2091804E-08
    1 t   69    5.808350        10.08440        99.16305        4.467582        138.8789      -0.2086554E-08
    2 t    2    35.69088        2.228999        448.6320        2.139557        204.4838      -0.5081068E-08
    2 t    3    26.22567        2.293016        436.1068        2.975130        206.2709      -0.4665613E-08
    2 t    4    21.15150        2.377750        420.5657        3.795357        208.9362      -0.4142436E-08
    2 t    5    18.07024        2.482785        402.7735        4.597082        212.6298      -0.3539706E-08
    2 t    6    16.05846        2.607533        383.5043        5.368247        217.3862      -0.2908816E-08
    2 t    7    14.68255        2.750903        363.5170        6.079622        222.9818      -0.2272110E-08
    2 t    8    13.70844        2.910847        343.5427        6.685247        228.8431      -0.1722555E-08
    2 t    9    12.99554        3.084115        324.2421        7.138953        234.1658      -0.8123660E-09
    2 t   10    12.45338        3.266548        306.1336        7.417128        238.2418      -0.5028962E-09
    2 t   11    12.02229        3.453802        289.5360        7.528785        240.7368      -0.2651338E-09
    2 t   12    11.66355        3.642112        274.5660        7.508944        241.7229      -0.1484846E-09
    2 t   13    11.35305        3.828766        261.1808        7.404414        241.5248      -0.1486254E-09
    2 t   14    11.07654        4.012220        249.2386        7.259700        240.5301      -0.7314192E-09
    2 t   15    10.82599        4.191909        238.5548        7.107463        239.0575      -0.9118520E-09
    2 t   16    10.59684        4.367900        228.9430        6.965857        237.3124      -0.1178445E-08
    2 t   17    10.38625        4.540561        220.2371        6.841486        235.4055      -0.1499043E-08
    2 t   18    10.19218        4.710332        212.2992        6.734289        233.3926      -0.1125799E-08
    2 t   19    10.01290        4.877611        205.0184        6.641533        231.3073      -0.1820497E-08
    2 t   20    9.846874        5.042719        198.3057        6.560102        229.1791      -0.2111906E-08
    2 t   21    9.692714        5.205907        192.0895        6.487444        227.0399      -0.2391570E-08
    2 t   22    9.549187        5.367369        186.3110        6.421765        224.9238      -0.2664093E-08
    2 t   23    9.415208        5.527265        180.9213        6.361914        222.8646      -0.2899774E-08
    2 t   24    9.289829        5.685731        175.8789        6.307173        220.8919      -0.3105493E-08
    2 t   25    9.172229        5.842889        171.1482        6.257063        219.0292      -0.3232512E-08
    2 t   26    9.061696        5.998848        166.6987        6.211207        217.2915      -0.3245645E-08
    2 t   27    8.957605        6.153712        162.5036        6.169235        215.6851      -0.3331512E-08
    2 t   28    8.859409        6.307571        158.5396        6.130741        214.2076      -0.3358877E-08
    2 t   29    8.766619        6.460508        154.7866        6.095263        212.8495      -0.3436554E-08
    2 t   30    8.678792        6.612591        151.2267        6.062296        211.5946      -0.3442154E-08
    2 t   31    8.595528        6.763876        147.8442        6.031298        210.4225      -0.3488274E-08
    2 t   32    8.516458        6.914406        144.6256        6.001719        209.3095      -0.3549453E-08
    2 t   33    8.441239        7.064209        141.5587        5.973019        208.2308      -0.3580932E-08
    2 t   34    8.369556        7.213301        138.6328        5.944684        207.1612      -0.3736196E-08
    2 t   35    8.301113        7.361685        135.8385        5.916242        206.0767      -0.3879860E-08
    2 t   36    8.235635        7.509352        133.1673        5.887275        204.9554      -0.4015261E-08
    2 t   37    8.172865        7.656286        130.6116        5.857425        203.7777      -0.4292811E-08
    2 t   38    8.112567        7.802460        128.1647        5.826398        202.5278      -0.4556666E-08
    2 t   39    8.054518        7.947842        125.8203        5.793965        201.1931      -0.4893090E-08
    2 t   40    7.998517        8.092394        123.5728        5.759964        199.7649      -0.5256108E-08
    2 t   41    7.944376        8.236077        121.4170        5.724300        198.2384      -0.5653195E-08
    2 t   42    7.891923        8.378848        119.3481        5.686938        196.6127      -0.6171427E-08
    2 t   43    7.841005        8.520665        117.3617        5.647904        194.8903      -0.6537771E-08
    2 t   44    7.791480        8.661488        115.4536        5.607281        193.0771      -0.7096309E-08
    2 t   45    7.743223        8.801277        113.6199        5.565204        191.1819      -0.7587282E-08
    2 t   46    7.696124        8.940000        111.8568        5.521851        189.2158      -0.8100659E-08
    2 t   47    7.650084        9.077627        110.1610        5.477444        187.1920      -0.8559125E-08
    2 t   48    7.605018        9.214134        108.5289        5.432233        185.1248      -0.9166345E-08
    2 t   49    7.560855        9.349506        106.9575        5.386492        183.0294      -0.9511982E-08
    2 t   50    7.517533        9.483732        105.4437        5.340511        180.9212      -0.1042221E-07
    2 t   51    7.475001        9.616810        103.9846        5.294586        178.8150      -0.1068478E-07
    2 t   52    7.433218        9.748745        102.5773        5.249008        176.7251      -0.1118839E-07
    2 t   53    7.392151        9.879550        101.2192        5.204058        174.6645      -0.8738417E-08
    2 t   54    7.351775        10.00924        99.90765        5.159999        172.6449      -0.9120513E-08
    3 t    2    51.69838        3.228713        309.7209        1.525617        216.3606      -0.1235220E-08
    3 t    3    37.44968        3.274377        305.4016        2.123020        217.8122      -0.1196248E-08
    3 t    4    29.66545        3.334848        299.8638        2.709048        219.6935      -0.1154475E-08
    3 t    5    24.81741        3.409822        293.2705        3.282398        221.9613      -0.1123440E-08
    3 t    6    21.54841        3.498977        285.7978        3.842900        224.5656      -0.1130099E-08
    3 t    7    19.22515        3.601999        277.6236        4.391265        227.4503      -0.1175577E-08
    3 t    8    17.51246        3.718594        268.9189        4.928249        230.5508      -0.1260870E-08
    3 t    9    16.21631        3.848471        259.8435        5.452894        233.7840      -0.1022742E-08
    3 t   10    15.21629        3.991265        250.5471        5.959688        237.0278      -0.1189393E-08
    3 t   11    14.43308        4.146382        241.1741        6.435359        240.0926      -0.1390468E-08
    3 t   12    13.81131        4.312781        231.8690        6.857541        242.7026      -0.1620142E-08
    3 t   13    13.31012        4.488778        222.7778        7.198210        244.5185      -0.1897990E-08
    3 t   14    12.89801        4.672005        214.0409        7.432282        245.2175      -0.2187931E-08
    3 t   15    12.55038        4.859607        205.7780        7.547400        244.6072      -0.2474956E-08
    3 t   16    12.24837        5.048645        198.0729        7.549675        242.7166      -0.2753709E-08
    3 t   17    11.97832        5.236565        190.9649        7.462918        239.8152      -0.3024147E-08
    3 t   18    11.73114        5.421561        184.4487        7.321747        236.3401      -0.3219582E-08
    3 t   19    11.50143        5.602720        178.4847        7.161212        232.7590      -0.3260620E-08
    3 t   20    11.28639        5.779914        173.0130        7.007817        229.4407      -0.3319960E-08
    3 t   21    11.08468        5.953525        167.9677        6.876037        226.5983      -0.3306958E-08
    3 t   22    10.89562        6.124166        163.2875        6.770183        224.3057      -0.3266967E-08
    3 t   23    10.71867        6.292471        158.9201        6.688446        222.5453      -0.3207052E-08
    3 t   24    10.55324        6.458989        154.8230        6.626434        221.2533      -0.3211655E-08
    3 t   25    10.39867        6.624153        150.9627        6.579312        220.3482      -0.3258950E-08
    3 t   26    10.25419        6.788279        147.3127        6.542775        219.7467      -0.3392446E-08
    3 t   27    10.11903        6.951587        143.8520        6.513341        219.3699      -0.3621468E-08
    3 t   28    9.992400        7.114219        140.5636        6.488331        219.1472      -0.3954131E-08
    3 t   29    9.873556        7.276259        137.4333        6.465749        219.0165      -0.4428522E-08
    3 t   30    9.761783        7.437749        134.4493        6.444140        218.9251      -0.5007888E-08
    3 t   31    9.656421        7.598700        131.6015        6.422474        218.8291      -0.5703436E-08
    3 t   32    9.556865        7.759100        128.8809        6.400043        218.6938      -0.6486324E-08
    3 t   33    9.462564        7.918924        126.2798        6.376399        218.4930      -0.6882833E-08
    3 t   34    9.373024        8.078139        123.7909        6.351293        218.2088      -0.7786939E-08
    3 t   35    9.287798        8.236708        121.4077        6.324640        217.8310      -0.8750531E-08
    3 t   36    9.206490        8.394590        119.1243        6.296487        217.3562      -0.9799569E-08
    3 t   37    9.128750        8.551752        116.9351        6.266992        216.7878      -0.1076294E-07
    3 t   38    9.054266        8.708162        114.8348        6.236398        216.1346      -0.1163292E-07
    3 t   39    8.982767        8.863796        112.8185        6.205019        215.4097      -0.1245029E-07
    3 t   40    8.914019        9.018641        110.8815        6.173220        214.6302      -0.1324524E-07
    3 t   41    8.847815        9.172689        109.0193        6.141397        213.8154      -0.1381136E-07
    3 t   42    8.783982        9.325946        107.2277        6.109956        212.9860      -0.1421137E-07
    3 t   43    8.722369        9.478426        105.5027        6.079295        212.1627      -0.1445352E-07
    3 t   44    8.662848        9.630154        103.8405        6.049781        211.3650      -0.1448767E-07
    3 t   45    8.605310        9.781162        102.2373        6.021732        210.6104      -0.1442122E-07
    3 t   46    8.549661        9.931490        100.6898        5.995403        209.9136      -0.1398997E-07
    3 t   47    8.495821        10.08118        99.19471        5.970969        209.2855      -0.1348297E-07
    4 t    2    69.18269        4.320659        231.4462        1.112694        220.9737      -0.4506651E-08
    4 t    3    49.79726        4.353976        229.6751        1.549586        220.9919      -0.4556879E-08
    4 t    4    39.12398        4.398130        227.3694        1.978822        221.0044      -0.4620317E-08
    4 t    5    32.40924        4.452912        224.5722        2.398960        221.0046      -0.4693665E-08
    4 t    6    27.82455        4.518080        221.3329        2.809095        220.9879      -0.4772483E-08
    4 t    7    24.51651        4.593381        217.7046        3.208959        220.9546      -0.4851024E-08
    4 t    8    22.03337        4.678561        213.7409        3.599021        220.9130      -0.4922076E-08
    4 t    9    20.11365        4.773390        209.4947        3.980561        220.8818      -0.4976631E-08
    4 t   10    18.59565        4.877679        205.0156        4.355707        220.8940      -0.5010344E-08
    4 t   11    17.37415        4.991302        200.3485        4.727349        220.9990      -0.4966814E-08
    4 t   12    16.37783        5.114214        195.5335        5.098786        221.2639      -0.4856825E-08
    4 t   13    15.55675        5.246446        190.6052        5.472838        221.7688      -0.4727288E-08
    4 t   14    14.87488        5.388078        185.5949        5.850090        222.5940      -0.4421189E-08
    4 t   15    14.30536        5.539149        180.5331        6.226182        223.7907      -0.4091157E-08
    4 t   16    13.82738        5.699495        175.4541        6.588897        225.3395      -0.3748828E-08
    4 t   17    13.42391        5.868536        170.4003        6.917345        227.1119      -0.3441708E-08
    4 t   18    13.08034        6.045095        165.4234        7.185938        228.8745      -0.3195532E-08
    4 t   19    12.78377        6.227388        160.5810        7.373131        230.3622      -0.3021105E-08
    4 t   20    12.52307        6.413238        155.9275        7.470332        231.3883      -0.2989327E-08
    4 t   21    12.28919        6.600458        151.5046        7.485380        231.9183      -0.3165432E-08
    4 t   22    12.07529        6.787233        147.3354        7.438878        232.0573      -0.3320442E-08
    4 t   23    11.87677        6.972340        143.4239        7.356193        231.9720      -0.3985418E-08
    4 t   24    11.69072        7.155166        139.7592        7.259640        231.8064      -0.4895891E-08
    4 t   25    11.51545        7.335567        136.3221        7.164188        231.6378      -0.6049206E-08
    4 t   26    11.34995        7.513677        133.0906        7.077197        231.4779      -0.7415288E-08
    4 t   27    11.19351        7.689741        130.0434        7.000501        231.2967      -0.8854740E-08
    4 t   28    11.04552        7.864004        127.1617        6.932920        231.0482      -0.1044309E-07
    4 t   29    10.90540        8.036667        124.4297        6.872160        230.6892      -0.1203288E-07
    4 t   30    10.77254        8.207871        121.8343        6.815905        230.1886      -0.1360734E-07
    4 t   31    10.64638        8.377705        119.3644        6.762323        229.5313      -0.1507498E-07
    4 t   32    10.52636        8.546219        117.0108        6.710200        228.7182      -0.1636989E-07
    4 t   33    10.41196        8.713441        114.7652        6.658916        227.7648      -0.1743436E-07
    4 t   34    10.30271        8.879391        112.6203        6.608348        226.6985      -0.1819788E-07
    4 t   35    10.19821        9.044087        110.5695        6.558744        225.5555      -0.1859578E-07
    4 t   36    10.09809        9.207561        108.6064        6.510605        224.3778      -0.1867426E-07
    4 t   37    10.00205        9.369857        106.7252        6.464571        223.2097      -0.1830631E-07
    4 t   38    9.909845        9.531036        104.9204        6.421320        222.0941      -0.1757345E-07
    4 t   39    9.821251        9.691175        103.1867        6.381480        221.0699      -0.1651156E-07
    4 t   40    9.736096        9.850367        101.5191        6.345557        220.1693      -0.1520250E-07
    4 t   41    9.654230        10.00871        99.91294        6.313890        219.4162      -0.1383146E-07
    5 t    2    85.90359        5.364928        186.3958       0.8524160        199.0023      -0.6459272E-08
    5 t    3    61.65207        5.390490        185.5119        1.190332        199.1178      -0.6360721E-08
    5 t    4    48.25391        5.424473        184.3497        1.525406        199.2893      -0.6231718E-08
    5 t    5    39.78853        5.466799        182.9224        1.857114        199.5319      -0.6074688E-08
    5 t    6    33.97871        5.517379        181.2455        2.185137        199.8644      -0.5893125E-08
    5 t    7    29.76174        5.576120        179.3362        2.509394        200.3095      -0.5691886E-08
    5 t    8    26.57499        5.642928        177.2130        2.830069        200.8931      -0.5468566E-08
    5 t    9    24.09277        5.717720        174.8949        3.147632        201.6446      -0.5237370E-08
    5 t   10    22.11353        5.800425        172.4011        3.462858        202.5961      -0.5009575E-08
    5 t   11    20.50589        5.891000        169.7505        3.776843        203.7822      -0.4799920E-08
    5 t   12    19.18063        5.989428        166.9609        4.090999        205.2387      -0.4626671E-08
    5 t   13    18.07506        6.095735        164.0491        4.407050        207.0019      -0.4233159E-08
    5 t   14    17.14394        6.209992        161.0308        4.726960        209.1070      -0.4195941E-08
    5 t   15    16.35380        6.332321        157.9200        5.052771        211.5848      -0.4267244E-08
    5 t   16    15.67943        6.462892        154.7295        5.386217        214.4571      -0.4471611E-08
    5 t   17    15.10145        6.601906        151.4714        5.727979        217.7271      -0.5006487E-08
    5 t   18    14.60465        6.749558        148.1579        6.076404        221.3643      -0.5490968E-08
    5 t   19    14.17674        6.905951        144.8026        6.425732        225.2821      -0.6191603E-08
    5 t   20    13.80744        7.070977        141.4232        6.764392        229.3148      -0.7084557E-08
    5 t   21    13.48767        7.244157        138.0423        7.074634        233.2072      -0.8174811E-08
    5 t   22    13.20909        7.424515        134.6889        7.334934        236.6392      -0.9457517E-08
    5 t   23    12.96389        7.610542        131.3967        7.525267        239.2907      -0.1096489E-07
    5 t   24    12.74481        7.800312        128.2000        7.633181        240.9259      -0.1262038E-07
    5 t   25    12.54550        7.991726        125.1294        7.657770        241.4559      -0.1439352E-07
    5 t   26    12.36074        8.182816        122.2073        7.609936        240.9547      -0.1623714E-07
    5 t   27    12.18664        8.372002        119.4457        7.509132        239.6261      -0.1795492E-07
    5 t   28    12.02063        8.558242        116.8464        7.378008        237.7411      -0.1939013E-07
    5 t   29    11.86120        8.741043        114.4028        7.237067        235.5723      -0.2031272E-07
    5 t   30    11.70766        8.920361        112.1031        7.101313        233.3487      -0.2060869E-07
    5 t   31    11.55976        9.096448        109.9330        6.979559        231.2397      -0.2021698E-07
    5 t   32    11.41748        9.269711        107.8782        6.875629        229.3592      -0.1916446E-07
    5 t   33    11.28087        9.440607        105.9254        6.790151        227.7789      -0.1755288E-07
    5 t   34    11.14995        9.609587        104.0627        6.722058        226.5399      -0.1557408E-07
    5 t   35    11.02472        9.777064        102.2802        6.669552        225.6601      -0.1344671E-07
    5 t   36    10.90510        9.943402        100.5692        6.630586        225.1388      -0.1144851E-07
    5 t   37    10.79097        10.10891        98.92260        6.603077        224.9595      -0.9835504E-08
    6 t    2    102.5081        6.401927        156.2030       0.7377628        201.5754      -0.9585254E-08
    6 t    3    73.47324        6.424062        155.6647        1.031313        202.0200      -0.9747274E-08
    6 t    4    57.40793        6.453524        154.9541        1.323334        202.6114      -0.9969905E-08
    6 t    5    47.23756        6.490269        154.0768        1.613424        203.3478      -0.1025847E-07
    6 t    6    40.24106        6.534244        153.0399        1.901209        204.2265      -0.1061921E-07
    6 t    7    35.14856        6.585387        151.8514        2.186342        205.2434      -0.1107248E-07
    6 t    8    31.28771        6.643627        150.5202        2.468510        206.3929      -0.1162944E-07
    6 t    9    28.26925        6.708886        149.0560        2.747441        207.6673      -0.1228852E-07
    6 t   10    25.85217        6.781081        147.4691        3.022910        209.0567      -0.1302555E-07
    6 t   11    23.87929        6.860122        145.7700        3.294748        210.5486      -0.1383048E-07
    6 t   12    22.24370        6.945916        143.9695        3.562858        212.1283      -0.1472725E-07
    6 t   13    20.87016        7.038371        142.0783        3.827239        213.7785      -0.1573615E-07
    6 t   14    19.70421        7.137393        140.1072        4.088006        215.4801      -0.1685911E-07
    6 t   15    18.70544        7.242896        138.0663        4.345431        217.2123      -0.1806776E-07
    6 t   16    17.84327        7.354800        135.9656        4.599973        218.9543      -0.1934367E-07
    6 t   17    17.09412        7.473042        133.8143        4.852321        220.6857      -0.2065807E-07
    6 t   18    16.43959        7.597578        131.6209        5.103407        222.3884      -0.2197113E-07
    6 t   19    15.86506        7.728389        129.3931        5.354383        224.0477      -0.2321929E-07
    6 t   20    15.35887        7.865489        127.1377        5.606494        225.6537      -0.2435243E-07
    6 t   21    14.91156        8.008921        124.8608        5.860759        227.2007      -0.2526411E-07
    6 t   22    14.51537        8.158742        122.5679        6.117359        228.6855      -0.2588059E-07
    6 t   23    14.16386        8.314995        120.2647        6.374616        230.1007      -0.2606808E-07
    6 t   24    13.85149        8.477644        117.9573        6.627652        231.4253      -0.2573206E-07
    6 t   25    13.57333        8.646477        115.6540        6.867197        232.6127      -0.2480080E-07
    6 t   26    13.32475        8.820993        113.3659        7.079556        233.5867      -0.2328550E-07
    6 t   27    13.10124        9.000315        111.1072        7.248849        234.2552      -0.2116914E-07
    6 t   28    12.89840        9.183186        108.8947        7.361658        234.5503      -0.1861565E-07
    6 t   29    12.71210        9.368104        106.7452        7.412354        234.4765      -0.1576814E-07
    6 t   30    12.53870        9.553556        104.6731        7.406159        234.1391      -0.1294780E-07
    6 t   31    12.37541        9.738289        102.6874        7.357886        233.7229      -0.1052336E-07
    6 t   32    12.22028        9.921490        100.7913        7.286844        233.4299      -0.8890575E-08
    6 t   33    12.07217        10.10282        98.98228        7.210758        233.4135      -0.8424940E-08
    7 t    2    120.0766        7.499128        133.3488       0.6324403        210.9732      -0.4267669E-07
    7 t    3    85.98592        7.518097        133.0124       0.8836055        211.0983      -0.4283984E-07
    7 t    4    67.10238        7.543328        132.5675        1.132979        211.2586      -0.4304723E-07
    7 t    5    55.13080        7.574771        132.0172        1.380079        211.4490      -0.4328970E-07
    7 t    6    46.88064        7.612362        131.3653        1.624443        211.6631      -0.4355531E-07
    7 t    7    40.86295        7.656029        130.6160        1.865640        211.8939      -0.4382897E-07
    7 t    8    36.28941        7.705686        129.7743        2.103275        212.1337      -0.4409368E-07
    7 t    9    32.70356        7.761240        128.8454        2.337000        212.3747      -0.4432294E-07
    7 t   10    29.82282        7.822590        127.8349        2.566519        212.6094      -0.4449716E-07
    7 t   11    27.46288        7.889627        126.7487        2.791607        212.8310      -0.4457622E-07
    7 t   12    25.49838        7.962238        125.5928        3.012123        213.0341      -0.4453825E-07
    7 t   13    23.84111        8.040309        124.3733        3.228029        213.2154      -0.4432875E-07
    7 t   14    22.42718        8.123724        123.0963        3.439411        213.3747      -0.4391264E-07
    7 t   15    21.20921        8.212374        121.7675        3.646511        213.5153      -0.4324431E-07
    7 t   16    20.15132        8.306155        120.3926        3.849754        213.6457      -0.4227113E-07
    7 t   17    19.22587        8.404979        118.9771        4.049795        213.7800      -0.4095231E-07
    7 t   18    18.41124        8.508778        117.5257        4.247556        213.9394      -0.3926062E-07
    7 t   19    17.69027        8.617508        116.0428        4.444279        214.1530      -0.3717005E-07
    7 t   20    17.04927        8.731163        114.5323        4.641576        214.4589      -0.3464900E-07
    7 t   21    16.47713        8.849781        112.9971        4.841468        214.9044      -0.3169752E-07
    7 t   22    15.96485        8.973458        111.4398        5.046397        215.5467      -0.2838474E-07
    7 t   23    15.50505        9.102353        109.8617        5.259187        216.4518      -0.2479128E-07
    7 t   24    15.09170        9.236701        108.2638        5.482873        217.6927      -0.2107353E-07
    7 t   25    14.71982        9.376811        106.6461        5.720315        219.3438      -0.1745150E-07
    7 t   26    14.38526        9.523052        105.0083        5.973443        221.4714      -0.1419978E-07
    7 t   27    14.08454        9.675822        103.3504        6.242029        224.1168      -0.1166743E-07
    7 t   28    13.81457        9.835463        101.6729        6.522027        227.2720      -0.1022302E-07
    7 t   29    13.57248        10.00216        99.97843        6.804020        230.8519      -0.1024856E-07
    8 t    2    136.9329        8.551855        116.9337       0.5256410        201.4528      -0.4638910E-07
    8 t    3    97.98960        8.567627        116.7184       0.7349334        201.5052      -0.4569606E-07
    8 t    4    76.40092        8.588625        116.4331       0.9432957        201.5792      -0.4476744E-07
    8 t    5    62.70052        8.614822        116.0790        1.150510        201.6785      -0.4361011E-07
    8 t    6    53.24745        8.646188        115.6579        1.356395        201.8076      -0.4222451E-07
    8 t    7    46.34260        8.682687        115.1717        1.560812        201.9726      -0.4062015E-07
    8 t    8    41.08641        8.724282        114.6226        1.763672        202.1807      -0.3880224E-07
    8 t    9    36.95810        8.770932        114.0130        1.964942        202.4402      -0.3679133E-07
    8 t   10    33.63525        8.822598        113.3453        2.164651        202.7611      -0.3460612E-07
    8 t   11    30.90762        8.879243        112.6222        2.362892        203.1546      -0.3227801E-07
    8 t   12    28.63224        8.940831        111.8464        2.559827        203.6333      -0.2984277E-07
    8 t   13    26.70852        9.007332        111.0207        2.755683        204.2111      -0.2735539E-07
    8 t   14    25.06364        9.078722        110.1477        2.950751        204.9028      -0.2488011E-07
    8 t   15    23.64359        9.154987        109.2301        3.145383        205.7240      -0.2249557E-07
    8 t   16    22.40748        9.236119        108.2706        3.339979        206.6905      -0.2028803E-07
    8 t   17    21.32379        9.322124        107.2717        3.534979        207.8179      -0.1837474E-07
    8 t   18    20.36782        9.413017        106.2359        3.730848        209.1207      -0.1687854E-07
    8 t   19    19.52000        9.508825        105.1655        3.928064        210.6116      -0.1592609E-07
    8 t   20    18.76456        9.609588        104.0627        4.127101        212.3008      -0.1567178E-07
    8 t   21    18.08872        9.715357        102.9298        4.328419        214.1948      -0.1626371E-07
    8 t   22    17.48197        9.826194        101.7688        4.532462        216.2959      -0.1784484E-07
    8 t   23    16.93561        9.942173        100.5816        4.739653        218.6009      -0.2056542E-07
    8 t   24    16.44240        10.06338        99.37023        4.950405        221.1011      -0.2455117E-07
    9 t    2    153.2747        9.572448        104.4665       0.4855252        208.9342      -0.3785929E-07
    9 t    3    109.6486        9.587023        104.3077       0.6795309        209.2216      -0.3850026E-07
    9 t    4    85.45507        9.606449        104.0967       0.8733336        209.6057      -0.3938667E-07
    9 t    5    70.09445        9.630721        103.8344        1.066877        210.0869      -0.4054606E-07
    9 t    6    59.48996        9.659832        103.5215        1.260105        210.6657      -0.4201240E-07
    9 t    7    51.73912        9.693772        103.1590        1.452960        211.3424      -0.4382163E-07
    9 t    8    45.83470        9.732533        102.7482        1.645384        212.1169      -0.4602295E-07
    9 t    9    41.19358        9.776101        102.2903        1.837315        212.9887      -0.4866243E-07
    9 t   10    37.45476        9.824463        101.7867        2.028684        213.9565      -0.5179164E-07
    9 t   11    34.38281        9.877606        101.2391        2.219416        215.0183      -0.5546403E-07
    9 t   12    31.81762        9.935510        100.6491        2.409423        216.1709      -0.5973406E-07
    9 t   13    29.64652        9.998158        100.0184        2.598606        217.4100      -0.6466145E-07
    9 t   14    27.78792        10.06553        99.34900        2.786853        218.7296      -0.7029486E-07
